2.040000000000000000e+03 1.010647888256102931e+02 8.067750427828386250e+01
2.040700000000000273e+03 1.025140386439081510e+02 8.193095514898371334e+01
2.041399999999999864e+03 1.142759622369358539e+02 9.216390042282242234e+01
2.042100000000000136e+03 1.178968303340095503e+02 9.533389957379627333e+01
2.042800000000000182e+03 1.145000775179175037e+02 9.235985100383491897e+01
2.043499999999999773e+03 1.081228015708705641e+02 8.679771896777663187e+01
2.044200000000000045e+03 1.052144100372381956e+02 8.427101686184786900e+01
2.044900000000000091e+03 1.108365953286035932e+02 8.916107400291681984e+01
2.045599999999999909e+03 1.168996536056463924e+02 9.446001662553625522e+01
2.046299999999999955e+03 1.165999572340403887e+02 9.419750362986549419e+01
2.047000000000000227e+03 1.118478711155744350e+02 9.004312299286054611e+01
2.047699999999999818e+03 1.049000709802743785e+02 8.399831375629685226e+01
2.048400000000000091e+03 9.786892412762392723e+01 7.791959932138763634e+01
2.049100000000000364e+03 9.152353431355557234e+01 7.247048774659683090e+01
2.049799999999999727e+03 8.306762688940509065e+01 6.526888073281968161e+01
2.050500000000000000e+03 7.635419213298092700e+01 5.960491169674587297e+01
2.051200000000000273e+03 7.420801919880079822e+01 5.780501559768043052e+01
2.051899999999999636e+03 7.032531266420481586e+01 5.456276264477176596e+01
2.052599999999999909e+03 6.672386073083445979e+01 5.157212576758016809e+01
2.053300000000000182e+03 6.231036271702491547e+01 4.793021814303804717e+01
2.054000000000000000e+03 5.876547829300390191e+01 4.502429000107835577e+01
2.054699999999999818e+03 6.005386712221783796e+01 4.607841729180441348e+01
2.055400000000000091e+03 6.290316727365912897e+01 4.841786262623323012e+01
2.056099999999999909e+03 6.092098926099090761e+01 4.678918560106677660e+01
2.056800000000000182e+03 5.954218182539099047e+01 4.565948440256291718e+01
2.057500000000000000e+03 6.524031842491598354e+01 5.034504667297559166e+01
2.058199999999999818e+03 7.468638096808358284e+01 5.820571337341382900e+01
2.058900000000000091e+03 8.493084660547791032e+01 6.684947391946171535e+01
2.059599999999999909e+03 9.682170575633338672e+01 7.701778280368918672e+01
2.060299999999999727e+03 1.002292322171417709e+02 7.995557849704832165e+01
2.061000000000000000e+03 9.361555754583508815e+01 7.426293217626187015e+01
2.061700000000000273e+03 8.701238234156154761e+01 6.861952829658052622e+01
2.062399999999999636e+03 7.871179308759596438e+01 6.158822846186578204e+01
2.063099999999999909e+03 7.485178579938097698e+01 5.834432228704756085e+01
2.063800000000000182e+03 7.629597435504423686e+01 5.955599066773427808e+01
2.064500000000000000e+03 7.598734951473387866e+01 5.929684967354678093e+01
2.065199999999999818e+03 7.450089184010424503e+01 5.805028761487349698e+01
2.065900000000000091e+03 7.150445660397662095e+01 5.554543508438461430e+01
2.066600000000000364e+03 7.411655119075960840e+01 5.772839548151800670e+01
2.067299999999999727e+03 7.897748802553647351e+01 6.181212856326993688e+01
2.068000000000000000e+03 8.020959715988820449e+01 6.285149971953847370e+01
2.068700000000000273e+03 8.000859374272091884e+01 6.268182170900856676e+01
2.069400000000000091e+03 7.918650386384926776e+01 6.198832412693401750e+01
2.070099999999999909e+03 7.868230800776117917e+01 6.156336701509594889e+01
2.070800000000000182e+03 8.148304791237566747e+01 6.392749573626950621e+01
2.071500000000000000e+03 8.649353264003856623e+01 6.817788154294140668e+01
2.072199999999999818e+03 9.189915834163211628e+01 7.279197229876542963e+01
2.072900000000000091e+03 9.406811435453772674e+01 7.465119337529708332e+01
2.073599999999999909e+03 9.357860414752674671e+01 7.423120390412637448e+01
2.074300000000000182e+03 9.551998239428571935e+01 7.589814000866215338e+01
2.075000000000000000e+03 9.789024473814360761e+01 7.793790570300606646e+01
2.075699999999999818e+03 1.003170892464924151e+02 8.003141455973640461e+01
2.076400000000000091e+03 1.015894744643902357e+02 8.113101660826725947e+01
2.077100000000000364e+03 9.929856443179441783e+01 7.915217165885762540e+01
2.077799999999999727e+03 9.925582480396860774e+01 7.911529444581329074e+01
2.078500000000000000e+03 1.098473878145502027e+02 8.829889441836594699e+01
2.079200000000000273e+03 1.194864344656113389e+02 9.672817388970027253e+01
2.079899999999999636e+03 1.226980593241848538e+02 9.955016426342182001e+01
2.080599999999999909e+03 1.221769670554974567e+02 9.909186018098762361e+01
2.081300000000000182e+03 1.184693977594963314e+02 9.583585630459081983e+01
2.082000000000000000e+03 1.148615901922944573e+02 9.267590791804008177e+01
2.082699999999999818e+03 1.136602821998300357e+02 9.162565495595396214e+01
2.083400000000000091e+03 1.136356068854293966e+02 9.160409075401329915e+01
2.084099999999999909e+03 1.111256854388121269e+02 8.941304841684146254e+01
2.084800000000000182e+03 1.071328376605736707e+02 8.593684631734174673e+01
2.085500000000000000e+03 1.107870791292870933e+02 8.911779753295972739e+01
2.086199999999999818e+03 1.152985280609663903e+02 9.305813292368011957e+01
2.086900000000000091e+03 1.184176285486408631e+02 9.579043565723236497e+01
2.087599999999999909e+03 1.198210172584046802e+02 9.702184110260951400e+01
2.088299999999999727e+03 1.193669941351874826e+02 9.662331868826044001e+01
2.089000000000000000e+03 1.188482340325702751e+02 9.616813276049444426e+01
2.089700000000000273e+03 1.178243256907921364e+02 9.527021013122804050e+01
2.090399999999999636e+03 1.189304032254263461e+02 9.624021570895014577e+01
2.091099999999999909e+03 1.221857553229154831e+02 9.909955390335935022e+01
2.091800000000000182e+03 1.228171558519943858e+02 9.965489403727949025e+01
2.092500000000000000e+03 1.219172259342945779e+02 9.886343951703990740e+01
2.093199999999999818e+03 1.189012009950520365e+02 9.621458598107997773e+01
2.093900000000000091e+03 1.161921376245426387e+02 9.384024725259263278e+01
2.094599999999999909e+03 1.219058551728349897e+02 9.885343571478023250e+01
2.095299999999999727e+03 1.265981915089676733e+02 1.029853649406309586e+02
2.096000000000000000e+03 1.278663759544103158e+02 1.041042561141451870e+02
2.096699999999999818e+03 1.279691079296372749e+02 1.041949310471509591e+02
2.097400000000000091e+03 1.265301491475919562e+02 1.029253507187323464e+02
2.098099999999999909e+03 1.193235653154211917e+02 9.658517226006850365e+01
2.098800000000000182e+03 1.126839729577160085e+02 9.077278927019270327e+01
2.099500000000000000e+03 1.194981739994300938e+02 9.673841089768552592e+01
2.100200000000000273e+03 1.222596175840859587e+02 9.916447558528108175e+01
2.100900000000000091e+03 1.200227963215402980e+02 9.719894947862299261e+01
2.101599999999999909e+03 1.149148433826907052e+02 9.272242214264011295e+01
2.102300000000000182e+03 1.203578527910836300e+02 9.749316579313966713e+01
2.103000000000000000e+03 1.279093162285806358e+02 1.041421310591817502e+02
2.103699999999999818e+03 1.296814364114015063e+02 1.057071575011886040e+02
2.104400000000000091e+03 1.288356026929878908e+02 1.049599526283080735e+02
2.105100000000000364e+03 1.276937910758223609e+02 1.039519003906133463e+02
2.105799999999999727e+03 1.282232765121237605e+02 1.044192653131483723e+02
2.106500000000000000e+03 1.285045640402843219e+02 1.046676133402879429e+02
2.107200000000000273e+03 1.290062093069591640e+02 1.051106235125685373e+02
2.107900000000000091e+03 1.292223326586809549e+02 1.053015260685825467e+02
2.108599999999999909e+03 1.286870994152156413e+02 1.048287906217747008e+02
2.109300000000000182e+03 1.263947976192791884e+02 1.028059461358275399e+02
2.110000000000000000e+03 1.249422004977632952e+02 1.015256279859476791e+02
2.110699999999999818e+03 1.261867710874396522e+02 1.026225114382926478e+02
2.111400000000000091e+03 1.229281090732050359e+02 9.975243319366143169e+01
2.112099999999999909e+03 1.202652835147038388e+02 9.741183204123960593e+01
2.112800000000000182e+03 1.244519419219460872e+02 1.010937785794872354e+02
2.113500000000000000e+03 1.287140092838825183e+02 1.048525334235188069e+02
2.114199999999999818e+03 1.296364744629158849e+02 1.056673864791927855e+02
2.114900000000000091e+03 1.283299206654817510e+02 1.045133802004203432e+02
2.115600000000000364e+03 1.266750136061964866e+02 1.030530381656076457e+02
2.116299999999999727e+03 1.266919784585954858e+02 1.030679977892411898e+02
2.117000000000000000e+03 1.276843278740159491e+02 1.039435005538612700e+02
2.117700000000000273e+03 1.242335253646967743e+02 1.009014128819898843e+02
2.118399999999999636e+03 1.171540790905568628e+02 9.468269184886247558e+01
2.119099999999999909e+03 1.182823638143143512e+02 9.567169217884233490e+01
2.119800000000000182e+03 1.203748185811530504e+02 9.750799267743944654e+01
2.120500000000000000e+03 1.228649338700070501e+02 9.969681272925005544e+01
2.121199999999999818e+03 1.271871209190203444e+02 1.035047474387669268e+02
2.121900000000000091e+03 1.293092287115217971e+02 1.053782260682981189e+02
2.122599999999999909e+03 1.302318418227929726e+02 1.061935046690859963e+02
2.123300000000000182e+03 1.290188124854983585e+02 1.051216832253249152e+02
2.124000000000000000e+03 1.227556176094952463e+02 9.960062945781240273e+01
2.124699999999999818e+03 1.191807391681499411e+02 9.645972853466722086e+01
2.125400000000000091e+03 1.256371836493550518e+02 1.021379656171881862e+02
2.126099999999999909e+03 1.289588875946654127e+02 1.050687425898724854e+02
2.126799999999999727e+03 1.259264584314261270e+02 1.023929423864040444e+02
2.127500000000000000e+03 1.182834317942124898e+02 9.567258978926653867e+01
2.128200000000000273e+03 1.202177033175558165e+02 9.736997703338290933e+01
2.128899999999999636e+03 1.278866718212698999e+02 1.041220298179478760e+02
2.129599999999999909e+03 1.300089530227597834e+02 1.059964707522117209e+02
2.130300000000000182e+03 1.299483621541150171e+02 1.059429186371046399e+02
2.131000000000000000e+03 1.297772873484598222e+02 1.057917357562154450e+02
2.131699999999999818e+03 1.299998720978629478e+02 1.059884366264310387e+02
2.132400000000000091e+03 1.298362859514416243e+02 1.058438645281328547e+02
2.133100000000000364e+03 1.297920386997318474e+02 1.058047597647938005e+02
2.133799999999999727e+03 1.300371183406261366e+02 1.060213430602682365e+02
2.134500000000000000e+03 1.298099042855724861e+02 1.058205394461810585e+02
2.135200000000000273e+03 1.275071469825585950e+02 1.037870531204862772e+02
2.135900000000000091e+03 1.246896334977098064e+02 1.013030190940434920e+02
2.136599999999999909e+03 1.268394051510445024e+02 1.031979319289524000e+02
2.137300000000000182e+03 1.289395632842393979e+02 1.050516173081895346e+02
2.138000000000000000e+03 1.294299771816739621e+02 1.054848199535726962e+02
2.138699999999999818e+03 1.291086957619728537e+02 1.052009963878306138e+02
2.139400000000000091e+03 1.287486683477957001e+02 1.048830117116856826e+02
2.140099999999999909e+03 1.292688361236228047e+02 1.053424489679813405e+02
2.140800000000000182e+03 1.298394603230148903e+02 1.058466206762476673e+02
2.141500000000000000e+03 1.297464813361164317e+02 1.057644536819873196e+02
2.142199999999999818e+03 1.293304479646579068e+02 1.053968673933000133e+02
2.142900000000000091e+03 1.288380949883087112e+02 1.049619722299662499e+02
2.143600000000000364e+03 1.287500515068459492e+02 1.048842142710068543e+02
2.144299999999999727e+03 1.284074747190848029e+02 1.045817075910904634e+02
2.145000000000000000e+03 1.283939215083993304e+02 1.045697359866790492e+02
2.145700000000000273e+03 1.285348996381683833e+02 1.046942086125043119e+02
2.146399999999999636e+03 1.283851596985645074e+02 1.045619904203962847e+02
2.147099999999999909e+03 1.278151754574649459e+02 1.040588265735821381e+02
2.147800000000000182e+03 1.266562004264713721e+02 1.030362799235484772e+02
2.148500000000000000e+03 1.260796445705870212e+02 1.025278733483986855e+02
2.149199999999999818e+03 1.252662230718440668e+02 1.018109214076295927e+02
2.149900000000000091e+03 1.234769007157130574e+02 1.002351560946611357e+02
2.150599999999999909e+03 1.201669264476921057e+02 9.732527088527494641e+01
2.151300000000000182e+03 1.130316929870258065e+02 9.107620917208249978e+01
2.152000000000000000e+03 1.118913855489610825e+02 9.008070511595803964e+01
2.152699999999999818e+03 1.146666030533023388e+02 9.250506754835529932e+01
2.153400000000000091e+03 1.169247758036155602e+02 9.448161813812600940e+01
2.154099999999999909e+03 1.193255195571992431e+02 9.658662274148537108e+01
2.154799999999999727e+03 1.217231635826887981e+02 9.869254410188310089e+01
2.155500000000000000e+03 1.239582170210545797e+02 1.006588094080252063e+02
2.156200000000000273e+03 1.253560466564874076e+02 1.018900324338285941e+02
2.156899999999999636e+03 1.260028575405544728e+02 1.024601293854679227e+02
2.157599999999999909e+03 1.250192770382627998e+02 1.015932896476864755e+02
2.158300000000000182e+03 1.224342405521666279e+02 9.931776312904547410e+01
2.159000000000000000e+03 1.190251390423775746e+02 9.632301499943355338e+01
2.159699999999999818e+03 1.191120117512403738e+02 9.639923453543069343e+01
2.160400000000000091e+03 1.204058653347434955e+02 9.753504689390453564e+01
2.161099999999999909e+03 1.205722318445762227e+02 9.768116565814175090e+01
2.161799999999999727e+03 1.215249457490138099e+02 9.851826718112869230e+01
2.162500000000000000e+03 1.170584883002606489e+02 9.459870714874928410e+01
2.163199999999999818e+03 1.060953105815751485e+02 8.503517493810151961e+01
2.163900000000000091e+03 1.081072641921607413e+02 8.678374585244490902e+01
2.164599999999999909e+03 1.180820811340723395e+02 9.549583202937181170e+01
2.165299999999999727e+03 1.176239782144484280e+02 9.509423509072543368e+01
2.166000000000000000e+03 1.127131258322428380e+02 9.079791919964485203e+01
2.166700000000000273e+03 1.131629052394172845e+02 9.119072438778336220e+01
2.167400000000000091e+03 1.170927865994018333e+02 9.462872559891462743e+01
2.168099999999999909e+03 1.152376229070388973e+02 9.300446043462117984e+01
2.168800000000000182e+03 1.123617058825550146e+02 9.049109047832854458e+01
2.169500000000000000e+03 1.186505779721057792e+02 9.599435716617905712e+01
2.170199999999999818e+03 1.232406065360437566e+02 1.000270822869985778e+02
2.170900000000000091e+03 1.245516574594945070e+02 1.011812861900191933e+02
2.171600000000000364e+03 1.243469602064172506e+02 1.010010038967761972e+02
2.172299999999999727e+03 1.216168647676661010e+02 9.859899282908941132e+01
2.173000000000000000e+03 1.193070652353909935e+02 9.657030941771247967e+01
2.173700000000000273e+03 1.170289073692965758e+02 9.457272041715728506e+01
2.174400000000000091e+03 1.142683216810730613e+02 9.215667994083457870e+01
2.175099999999999909e+03 1.166305791151240214e+02 9.422378579480177052e+01
2.175800000000000182e+03 1.161978600082539543e+02 9.384484629548671819e+01
2.176500000000000000e+03 1.164524469608647195e+02 9.406776833456949305e+01
2.177199999999999818e+03 1.220704847598397151e+02 9.899775611450735369e+01
2.177900000000000091e+03 1.221081721838114049e+02 9.903088989123979502e+01
2.178599999999999909e+03 1.176504067419051864e+02 9.511731204103358550e+01
2.179300000000000182e+03 1.155223405629808724e+02 9.325351873499784006e+01
2.180000000000000000e+03 1.202955517627599704e+02 9.743803627589190341e+01
2.180699999999999818e+03 1.243241551821068072e+02 1.009808543944414225e+02
2.181400000000000091e+03 1.248809013436142976e+02 1.014712210697797587e+02
2.182100000000000364e+03 1.221641739690515749e+02 9.908010076484885076e+01
2.182799999999999727e+03 1.126542581640657232e+02 9.074640430940519309e+01
2.183500000000000000e+03 1.058712485576717910e+02 8.484050543580192993e+01
2.184200000000000273e+03 1.051259480889014668e+02 8.419368405529435506e+01
2.184899999999999636e+03 1.015487712013000419e+02 8.109532216785736125e+01
2.185599999999999909e+03 1.120682918587268659e+02 9.023487211900068417e+01
2.186300000000000182e+03 1.197063633926136248e+02 9.692067767742278761e+01
2.187000000000000000e+03 1.159006815069461851e+02 9.358459811133515416e+01
2.187699999999999818e+03 1.116523023803449917e+02 8.987187046036858362e+01
2.188400000000000091e+03 1.146614982238205442e+02 9.250037030655414583e+01
2.189099999999999909e+03 1.201768458698649624e+02 9.733372637807852357e+01
2.189800000000000182e+03 1.192724067279794014e+02 9.653977468962737873e+01
2.190500000000000000e+03 1.165555054235522476e+02 9.415792176777782174e+01
2.191199999999999818e+03 1.203708815253985875e+02 9.750410786797324647e+01
2.191900000000000091e+03 1.236000115236796830e+02 1.003432313464761023e+02
2.192599999999999909e+03 1.238153019103134937e+02 1.005327379295057142e+02
2.193299999999999727e+03 1.229524125911124344e+02 9.977333303912038787e+01
2.194000000000000000e+03 1.174845940098430219e+02 9.497186846348841982e+01
2.194700000000000273e+03 1.089904383181643368e+02 8.755205494642476083e+01
2.195399999999999636e+03 1.126515232504232245e+02 9.074392101952540202e+01
2.196099999999999909e+03 1.168465587304571898e+02 9.441280561278156824e+01
2.196800000000000182e+03 1.156239939890183592e+02 9.334234621426769252e+01
2.197500000000000000e+03 1.122878027992642984e+02 9.042637171306846255e+01
2.198199999999999818e+03 1.028270704112276945e+02 8.220123226232139757e+01
2.198900000000000091e+03 1.016792931617251128e+02 8.120808385679117691e+01
2.199600000000000364e+03 1.008528175976417174e+02 8.049362217437546008e+01
2.200299999999999727e+03 1.011787546193120164e+02 8.077531051577997800e+01
2.201000000000000000e+03 1.084695959663619931e+02 8.709870832432720533e+01
2.201700000000000273e+03 1.118539406575155084e+02 9.004768936736316221e+01
2.202400000000000091e+03 1.122417444362830281e+02 9.038612654209532593e+01
2.203099999999999909e+03 1.137060325303436628e+02 9.166498041696576138e+01
2.203800000000000182e+03 1.112909145468236147e+02 8.955649625551473036e+01
2.204500000000000000e+03 1.049931770838727090e+02 8.407834366709040808e+01
2.205200000000000273e+03 1.066033372389219238e+02 8.547610540633174026e+01
2.205900000000000091e+03 1.138197808899447523e+02 9.176435978654426151e+01
2.206599999999999909e+03 1.138025973618812117e+02 9.174933745244571526e+01
2.207300000000000182e+03 1.140078444251914647e+02 9.192872016619907072e+01
2.208000000000000000e+03 1.176666894545581528e+02 9.513134835077001128e+01
2.208699999999999818e+03 1.198528060972766269e+02 9.704904850650905246e+01
2.209400000000000091e+03 1.199688692491364748e+02 9.715093948273211311e+01
2.210100000000000364e+03 1.190755435936572297e+02 9.636685543298065681e+01
2.210799999999999727e+03 1.188564175529558753e+02 9.617459948746235909e+01
2.211500000000000000e+03 1.205456404228053060e+02 9.765742208396363822e+01
2.212200000000000273e+03 1.215834806897520224e+02 9.856932974069634668e+01
2.212900000000000091e+03 1.215592798441529965e+02 9.854805097147259119e+01
2.213599999999999909e+03 1.205278261476187538e+02 9.764175569190976489e+01
2.214300000000000182e+03 1.171433149398259843e+02 9.467263139980427411e+01
2.215000000000000000e+03 1.132029796578739962e+02 9.122536042401993939e+01
2.215699999999999818e+03 1.101990981079430014e+02 8.860456075588864167e+01
2.216400000000000091e+03 1.106628103982157683e+02 8.900870825144474452e+01
2.217099999999999909e+03 1.169083014703270749e+02 9.446670916537827623e+01
2.217800000000000182e+03 1.192231727921889473e+02 9.649632763869625762e+01
2.218500000000000000e+03 1.189767051467966041e+02 9.628006210460142711e+01
2.219199999999999818e+03 1.189185992384539077e+02 9.622907793111268404e+01
2.219900000000000091e+03 1.186667348732769227e+02 9.600812197295671524e+01
2.220599999999999909e+03 1.181160034835451569e+02 9.552512853998608477e+01
2.221299999999999727e+03 1.159922657302050055e+02 9.366447276073077433e+01
2.222000000000000000e+03 1.161279493346796841e+02 9.378324808003077351e+01
2.222700000000000273e+03 1.174273424383594033e+02 9.492143494463020659e+01
2.223399999999999636e+03 1.183496934770488309e+02 9.573001957726403077e+01
2.224099999999999909e+03 1.182555007832767728e+02 9.564741177225363344e+01
2.224800000000000182e+03 1.157732270359848741e+02 9.347270093137174740e+01
2.225500000000000000e+03 1.137506387491408191e+02 9.170375381321527186e+01
2.226199999999999818e+03 1.141950237126009853e+02 9.209216548249401058e+01
2.226900000000000091e+03 1.137054039696926537e+02 9.166421549641162869e+01
2.227599999999999909e+03 1.154841247917098173e+02 9.321966419037239859e+01
2.228299999999999727e+03 1.177565758094324622e+02 9.520994669009684230e+01
2.229000000000000000e+03 1.189670559664504594e+02 9.627148704706750948e+01
2.229699999999999818e+03 1.194218270242175919e+02 9.667053500654962761e+01
2.230400000000000091e+03 1.182069025935017095e+02 9.560472737205239468e+01
2.231099999999999909e+03 1.153942076639275172e+02 9.314093841579396837e+01
2.231799999999999727e+03 1.127939261502341139e+02 9.086793120550657932e+01
2.232500000000000000e+03 1.129108061060162669e+02 9.096999388724664470e+01
2.233200000000000273e+03 1.145863924340715556e+02 9.243428435470083571e+01
2.233900000000000091e+03 1.154055473569635382e+02 9.315083712233648328e+01
2.234599999999999909e+03 1.162241461546711037e+02 9.386735064073083379e+01
2.235300000000000182e+03 1.146696861973501598e+02 9.250710522198883723e+01
2.236000000000000000e+03 1.116571559911353120e+02 8.987566835255390174e+01
2.236699999999999818e+03 1.119108482586065350e+02 9.009701478570713107e+01
2.237400000000000091e+03 1.128665749938814855e+02 9.093131504076818317e+01
2.238100000000000364e+03 1.139081912529831015e+02 9.184131862299001625e+01
2.238799999999999727e+03 1.160499450710170919e+02 9.371478973943472113e+01
2.239500000000000000e+03 1.154970473902415335e+02 9.323084690309934786e+01
2.240200000000000273e+03 1.132043340222113841e+02 9.122629358309595204e+01
2.240900000000000091e+03 1.121526066842164227e+02 9.030796116190774114e+01
2.241599999999999909e+03 1.126290367041265057e+02 9.072385752673572767e+01
2.242300000000000182e+03 1.139556526422394427e+02 9.188276266416842475e+01
2.243000000000000000e+03 1.127805009671659917e+02 9.085609047243276848e+01
2.243699999999999818e+03 1.094487758684837218e+02 8.795065813175691005e+01
2.244400000000000091e+03 1.108723849599573867e+02 8.919113214414572610e+01
2.245099999999999909e+03 1.139276113829830592e+02 9.185821808824884727e+01
2.245800000000000182e+03 1.106504012092958789e+02 8.899759720215956804e+01
2.246500000000000000e+03 1.051385506831807817e+02 8.420406179633675947e+01
2.247199999999999818e+03 1.044905954582550009e+02 8.364206656001979923e+01
2.247900000000000091e+03 1.107678079344595830e+02 8.909992410792094120e+01
2.248600000000000364e+03 1.142953980613828264e+02 9.217968185524860303e+01
2.249299999999999727e+03 1.133370633443815905e+02 9.134213869161204968e+01
2.250000000000000000e+03 1.114112930551671354e+02 8.966103842034854665e+01
2.250700000000000273e+03 1.106355946714887182e+02 8.898463212440610448e+01
2.251399999999999636e+03 1.119183049949210726e+02 9.010336351097551244e+01
2.252099999999999909e+03 1.115907723660090056e+02 8.981758321306537596e+01
2.252800000000000182e+03 1.101462170702158403e+02 8.855810200483500694e+01
2.253500000000000000e+03 1.075977701538945013e+02 8.633988396679825428e+01
2.254199999999999818e+03 1.065019731590239331e+02 8.538757195179040593e+01
2.254900000000000091e+03 1.081382775660733842e+02 8.680992723225077157e+01
2.255599999999999909e+03 1.069126282696848307e+02 8.574432563283511399e+01
2.256300000000000182e+03 1.046766588976208112e+02 8.380330359165060372e+01
2.257000000000000000e+03 1.041069846370540688e+02 8.330939114852310468e+01
2.257699999999999818e+03 1.070635332810737452e+02 8.587543403009252074e+01
2.258400000000000091e+03 1.096492184473078737e+02 8.812505626898213507e+01
2.259099999999999909e+03 1.114847149519781198e+02 8.972497126014874880e+01
2.259799999999999727e+03 1.099352280487571392e+02 8.837418043677791957e+01
2.260500000000000000e+03 1.056664278004752759e+02 8.466197708087899798e+01
2.261200000000000273e+03 1.007383986507097973e+02 8.039415270329179464e+01
2.261899999999999636e+03 9.971902203535434239e+01 7.951381508808493948e+01
2.262599999999999909e+03 1.048245581512470892e+02 8.393149685941271798e+01
2.263300000000000182e+03 1.068757921173257444e+02 8.571222311461998800e+01
2.264000000000000000e+03 1.041021611288323641e+02 8.330512656598726551e+01
2.264699999999999818e+03 1.029973086758938337e+02 8.234795919376934137e+01
2.265400000000000091e+03 1.074700523839573094e+02 8.622869123093327914e+01
2.266099999999999909e+03 1.120234181070677835e+02 9.019490314036374912e+01
2.266799999999999727e+03 1.111322512185930975e+02 8.941745662236533576e+01
2.267500000000000000e+03 1.058600784069123364e+02 8.482998998015540337e+01
2.268200000000000273e+03 9.694656485054193240e+01 7.712393728150122740e+01
2.268900000000000091e+03 9.539636915645189674e+01 7.579061967415923107e+01
2.269599999999999909e+03 1.033067212598939051e+02 8.261584912316693874e+01
2.270300000000000182e+03 1.060671145328521732e+02 8.500970328584728009e+01
2.271000000000000000e+03 1.081735784007006345e+02 8.684042303877258462e+01
2.271700000000000273e+03 1.064943556333347487e+02 8.538072230584393196e+01
2.272400000000000091e+03 1.034808760123078031e+02 8.276665833507826164e+01
2.273099999999999909e+03 1.067004496137194991e+02 8.555973888320606591e+01
2.273800000000000182e+03 1.097112935549250921e+02 8.817891657198721589e+01
2.274500000000000000e+03 1.072748013058040186e+02 8.605883104631536185e+01
2.275199999999999818e+03 9.808397693311810883e+01 7.810346253020206575e+01
2.275900000000000091e+03 9.399658864618574228e+01 7.458844719567292714e+01
2.276600000000000364e+03 9.909848097127840560e+01 7.897815464773576366e+01
2.277299999999999727e+03 1.041090499423088147e+02 8.331091690813609318e+01
2.278000000000000000e+03 1.080997169973299776e+02 8.677607672140702277e+01
2.278700000000000273e+03 1.104647633456500131e+02 8.883535395566670445e+01
2.279400000000000091e+03 1.114836684634480406e+02 8.972377951470468815e+01
2.280099999999999909e+03 1.074606953302663044e+02 8.622035634351162514e+01
2.280800000000000182e+03 1.030805708182101199e+02 8.241984298598087832e+01
2.281500000000000000e+03 1.054852246560596853e+02 8.450442737790586989e+01
2.282199999999999818e+03 1.028707946325893090e+02 8.223818914231439692e+01
2.282900000000000091e+03 9.497768237660916668e+01 7.543070121299888342e+01
2.283599999999999909e+03 9.618972146917178634e+01 7.647251546167572656e+01
2.284300000000000182e+03 1.008581258382246375e+02 8.049730022156616371e+01
2.285000000000000000e+03 1.032043069436716110e+02 8.252693169466910206e+01
2.285699999999999818e+03 1.047456558459885372e+02 8.386274807682957544e+01
2.286400000000000091e+03 1.073653086648955934e+02 8.613734265505881638e+01
2.287099999999999909e+03 1.074259845438328256e+02 8.619007804398798100e+01
2.287799999999999727e+03 1.073850108998637580e+02 8.615444893846101593e+01
2.288500000000000000e+03 1.061235194173324743e+02 8.505842586768822855e+01
2.289200000000000273e+03 9.901795911360224522e+01 7.890852492759657366e+01
2.289899999999999636e+03 9.281734985505383406e+01 7.357696659827310270e+01
2.290599999999999909e+03 9.669786249250940102e+01 7.690958544933137375e+01
2.291300000000000182e+03 9.750770950574990081e+01 7.760678160408438941e+01
2.292000000000000000e+03 9.557372030654425998e+01 7.594274034271376195e+01
2.292699999999999818e+03 9.830743645617923221e+01 7.829580986352426919e+01
2.293400000000000091e+03 1.004542505072949012e+02 8.014823073125795361e+01
2.294099999999999909e+03 9.661223752486522187e+01 7.683583658076673828e+01
2.294799999999999727e+03 8.910876833627087024e+01 7.040501302903729197e+01
2.295500000000000000e+03 8.430014840624060923e+01 6.631245578926058215e+01
2.296199999999999818e+03 9.112457411886032332e+01 7.212744366010581132e+01
2.296900000000000091e+03 1.007495918553133265e+02 8.040332364452793001e+01
2.297599999999999909e+03 1.012543514314883168e+02 8.083954970293719100e+01
2.298299999999999727e+03 9.282913368989693481e+01 7.358693975253454767e+01
2.299000000000000000e+03 9.117373926487503866e+01 7.216946700429183181e+01
2.299700000000000273e+03 9.296070344143618058e+01 7.369969150427958482e+01
2.300399999999999636e+03 9.175214358434648432e+01 7.266442481226185635e+01
2.301099999999999909e+03 9.608970070602210001e+01 7.638623606506054387e+01
2.301800000000000182e+03 1.002413032634957091e+02 7.996418798273785455e+01
2.302500000000000000e+03 9.895734088831760289e+01 7.885603693185336738e+01
2.303199999999999818e+03 9.563740778310921087e+01 7.599731382092662102e+01
2.303900000000000091e+03 9.183160073645817079e+01 7.273239014436785510e+01
2.304600000000000364e+03 9.320711819755588579e+01 7.391085843806328626e+01
2.305299999999999727e+03 9.713095370420451502e+01 7.728214101112978085e+01
2.306000000000000000e+03 9.914024286026197785e+01 7.901374693522026860e+01
2.306700000000000273e+03 9.935700306689997774e+01 7.920075272626070273e+01
2.307400000000000091e+03 9.854477292715114345e+01 7.850018637762990181e+01
2.308099999999999909e+03 1.011597783992111061e+02 8.075764450332385991e+01
2.308800000000000182e+03 1.030922165977623877e+02 8.242950743083608245e+01
2.309500000000000000e+03 1.017326552862522675e+02 8.125293560777832624e+01
2.310199999999999818e+03 1.041324557804510249e+02 8.333071411625084579e+01
2.310900000000000091e+03 1.068940512926482711e+02 8.572738845259027585e+01
2.311599999999999909e+03 1.056844568993709146e+02 8.467688005848870603e+01
2.312300000000000182e+03 1.061332011910074158e+02 8.506645367867751872e+01
2.313000000000000000e+03 1.091038921693008490e+02 8.764938239563639399e+01
2.313699999999999818e+03 1.098478310344458180e+02 8.829723938341162182e+01
2.314400000000000091e+03 1.085147377425724642e+02 8.713657679246259136e+01
2.315100000000000364e+03 1.041166064696235622e+02 8.331689247899427642e+01
2.315799999999999727e+03 9.209365889600583444e+01 7.295659716712266629e+01
2.316500000000000000e+03 7.220938418031917649e+01 5.613205654486601048e+01
2.317200000000000273e+03 6.326776103844443355e+01 4.871645640505216335e+01
2.317899999999999636e+03 6.856523913415581717e+01 5.309747775569313433e+01
2.318599999999999909e+03 7.854007795169867734e+01 6.144175104226782480e+01
2.319300000000000182e+03 8.735171267813061036e+01 6.890655917546081355e+01
2.320000000000000000e+03 9.102145633778185640e+01 7.203889126483662153e+01
2.320699999999999818e+03 9.227226210990930610e+01 7.310948538543223663e+01
2.321400000000000091e+03 8.727089919829938935e+01 6.883769256457988206e+01
2.322099999999999909e+03 7.755728757505109172e+01 6.061434977557311043e+01
2.322800000000000182e+03 7.456505211100234476e+01 5.810221966796012083e+01
2.323500000000000000e+03 8.214420090763539406e+01 6.448490415428769040e+01
2.324199999999999818e+03 9.385689671643154952e+01 7.446786474422498259e+01
2.324900000000000091e+03 9.810186242840967452e+01 7.811812130309279212e+01
2.325599999999999909e+03 9.702901476669983083e+01 7.719406405170737173e+01
2.326299999999999727e+03 9.877242079675279740e+01 7.869617548512559324e+01
2.327000000000000000e+03 1.009455064380587856e+02 8.057214130892282355e+01
2.327700000000000273e+03 9.904419064985624743e+01 7.893054601404945458e+01
2.328399999999999636e+03 9.316079628981592009e+01 7.387077889264986652e+01
2.329099999999999909e+03 9.445651841279796201e+01 7.498243007444089869e+01
2.329800000000000182e+03 9.864207287007391756e+01 7.858371954842641571e+01
2.330500000000000000e+03 9.616331635552865009e+01 7.644908288294915621e+01
2.331199999999999818e+03 9.032354813531135562e+01 7.144199552867640080e+01
2.331900000000000091e+03 9.013777752020669709e+01 7.128322282035546209e+01
2.332599999999999909e+03 9.552582073034707832e+01 7.590091864285969336e+01
2.333299999999999727e+03 9.816345358072834415e+01 7.817105263720426933e+01
2.334000000000000000e+03 9.535698447273189515e+01 7.575578452916158767e+01
2.334700000000000273e+03 9.015848244941983580e+01 7.130085846704078278e+01
2.335400000000000091e+03 8.894921774356853916e+01 7.026824072407859489e+01
2.336099999999999909e+03 9.271761128596196500e+01 7.349077357784612730e+01
2.336800000000000182e+03 9.652094220713699713e+01 7.675661078150497474e+01
2.337500000000000000e+03 9.494089988209765352e+01 7.539825147959786023e+01
2.338200000000000273e+03 8.530945489040372820e+01 6.716887429508962271e+01
2.338900000000000091e+03 7.816072086869461089e+01 6.112196403072393025e+01
2.339599999999999909e+03 7.371390712139856305e+01 5.738933177473202107e+01
2.340300000000000182e+03 6.741348133301083578e+01 5.214154877100121155e+01
2.341000000000000000e+03 6.779622683393196780e+01 5.245891427321379297e+01
2.341699999999999818e+03 7.086246042272527745e+01 5.500816284623945762e+01
2.342400000000000091e+03 8.006395338137052420e+01 6.272635639225616444e+01
2.343100000000000364e+03 8.733171141193854226e+01 6.888911513220813276e+01
2.343799999999999727e+03 8.764920180332866551e+01 6.915956269641046106e+01
2.344500000000000000e+03 8.200118245984772614e+01 6.436352631976473049e+01
2.345200000000000273e+03 7.627096503261159910e+01 5.953280123726818118e+01
2.345900000000000091e+03 8.153437293080324366e+01 6.396862791738306697e+01
2.346599999999999909e+03 8.192784733598507785e+01 6.430145503837987064e+01
2.347300000000000182e+03 7.611741359699638565e+01 5.940383143265671606e+01
2.348000000000000000e+03 7.399488570308473356e+01 5.762435930405725770e+01
2.348699999999999818e+03 7.881375791813117360e+01 6.167186768817585829e+01
2.349400000000000091e+03 7.577787753736969023e+01 5.911879295443335280e+01
2.350099999999999909e+03 6.753496836827524419e+01 5.224211399496222441e+01
2.350800000000000182e+03 6.200667330859785409e+01 4.767858255623825414e+01
2.351500000000000000e+03 5.455870718603703295e+01 4.159720461148858561e+01
2.352199999999999818e+03 4.701698787714993699e+01 3.552353990906055259e+01
2.352900000000000091e+03 5.814485800980753538e+01 4.451541180439024004e+01
2.353600000000000364e+03 7.543500296221326096e+01 5.883101835030475968e+01
2.354299999999999727e+03 8.504321325157307854e+01 6.694238205765408622e+01
2.355000000000000000e+03 8.474977462405054496e+01 6.669316821200251866e+01
2.355700000000000273e+03 7.741912082944371321e+01 6.049757499250051751e+01
2.356399999999999636e+03 7.476985903629891084e+01 5.827329635802217211e+01
2.357099999999999909e+03 7.811589364042053774e+01 6.108388979641437544e+01
2.357800000000000182e+03 7.561761388056862643e+01 5.898414934031805501e+01
2.358500000000000000e+03 6.647994225271084190e+01 5.136795070063816837e+01
2.359199999999999818e+03 7.911662670954777354e+01 6.192694328517236357e+01
2.359900000000000091e+03 9.317512356255222983e+01 7.388247755700882635e+01
2.360599999999999909e+03 9.402556583864756590e+01 7.461193246878718810e+01
2.361300000000000182e+03 8.932639498337452721e+01 7.058968215081449671e+01
2.362000000000000000e+03 8.844003086811954972e+01 6.983336032368696067e+01
2.362699999999999818e+03 8.887974715544217474e+01 7.020843661659304757e+01
2.363400000000000091e+03 7.833168137826646671e+01 6.126546874145664390e+01
2.364099999999999909e+03 7.214632626608131716e+01 5.607864858033975253e+01
2.364799999999999727e+03 8.404062718691409373e+01 6.609110201884126923e+01
2.365500000000000000e+03 9.229749303988722886e+01 7.313025281161719704e+01
2.366200000000000273e+03 8.862719822073400167e+01 6.999289713285804737e+01
2.366899999999999636e+03 7.540020431688542146e+01 5.880158207742521626e+01
2.367599999999999909e+03 6.646266839179310182e+01 5.135347612808934059e+01
2.368300000000000182e+03 6.741810146846944463e+01 5.214489098982959092e+01
2.369000000000000000e+03 6.552002815254574841e+01 5.057377718624133678e+01
2.369699999999999818e+03 6.183788199777904282e+01 4.753956522367909088e+01
2.370400000000000091e+03 4.045303719879247240e+01 3.031147711405407108e+01
2.371100000000000364e+03 2.680401470964947208e+01 1.971662185715484483e+01
2.371799999999999727e+03 4.037731537777492719e+01 3.025177318830385431e+01
2.372500000000000000e+03 5.900511569639083831e+01 4.521789822212400622e+01
2.373200000000000273e+03 7.101057754188180127e+01 5.513104030926993460e+01
2.373900000000000091e+03 7.844197231517630087e+01 6.135814192398685663e+01
2.374599999999999909e+03 8.200754651164609754e+01 6.436832633539161463e+01
2.375300000000000182e+03 8.161559514101350032e+01 6.403674283472611251e+01
2.376000000000000000e+03 6.856703247476612262e+01 5.309802337432780917e+01
2.376699999999999818e+03 5.301037431471394257e+01 4.034273666576956430e+01
2.377400000000000091e+03 5.272705269152094587e+01 4.011363853643935329e+01
2.378099999999999909e+03 5.014847528895719364e+01 3.803432702260382570e+01
2.378800000000000182e+03 6.040604006713984830e+01 4.636451828538995557e+01
2.379500000000000000e+03 6.650002041525800678e+01 5.138416508526510995e+01
2.380199999999999818e+03 6.531856537214095226e+01 5.040708922828012106e+01
