2.040000000000000000e+03 1.724620705190083072e+02 1.389099646091071349e+02 2.083051317156864590e-01 4.033429280628848090e+01 1.775352077758099156e+01 1.148912529307605723e+01 1.000000000000000000e+02
2.040700000000000273e+03 1.734969753495552709e+02 1.401927706960818512e+02 2.065105787268995963e-01 4.033429280628848090e+01 1.775352077758099156e+01 1.148912529307605723e+01 1.000000000000000000e+02
2.041399999999999864e+03 1.820191983304708856e+02 1.506114240715733388e+02 2.064707076720657397e-01 4.033429280628848090e+01 1.775352077758099156e+01 1.148912529307605723e+01 1.000000000000000000e+02
2.042100000000000136e+03 1.846855887678752310e+02 1.538232076070991639e+02 2.055797130623796543e-01 4.033429280628848090e+01 1.775352077758099156e+01 1.148912529307605723e+01 1.000000000000000000e+02
2.042800000000000182e+03 1.821836611048893246e+02 1.508101418127480144e+02 2.057090352953779566e-01 4.033429280628848090e+01 1.775352077758099156e+01 1.148912529307605723e+01 1.000000000000000000e+02
2.043499999999999773e+03 1.775338569477821977e+02 1.451588194453082394e+02 2.054483896429795953e-01 4.033429280628848090e+01 1.775352077758099156e+01 1.148912529307605723e+01 1.000000000000000000e+02
2.044200000000000045e+03 1.754343139468017796e+02 1.425833475900499820e+02 2.051823457400969719e-01 4.033429280628848090e+01 1.775352077758099156e+01 1.148912529307605723e+01 1.000000000000000000e+02
2.044900000000000091e+03 1.795048744251020025e+02 1.475629101175889559e+02 2.054488686580371037e-01 4.033429280628848090e+01 1.775352077758099156e+01 1.148912529307605723e+01 1.000000000000000000e+02
2.045599999999999909e+03 1.839493103088921089e+02 1.529384231091620734e+02 2.061312518520063697e-01 4.033429280628848090e+01 1.775352077758099156e+01 1.148912529307605723e+01 1.000000000000000000e+02
2.046299999999999955e+03 1.837283166705131805e+02 1.526725477830915452e+02 2.067439754205926683e-01 4.033429280628848090e+01 1.775352077758099156e+01 1.148912529307605723e+01 1.000000000000000000e+02
2.047000000000000227e+03 1.802422812044005695e+02 1.484590597901192837e+02 2.074592407276907302e-01 4.033429280628848090e+01 1.775352077758099156e+01 1.148912529307605723e+01 1.000000000000000000e+02
2.047699999999999818e+03 1.752082037242355739e+02 1.423050496372958662e+02 2.091973367448519139e-01 4.033429280628848090e+01 1.775352077758099156e+01 1.148912529307605723e+01 1.000000000000000000e+02
2.048400000000000091e+03 1.701919887966621729e+02 1.360813196238307228e+02 2.103638560568241445e-01 4.033429280628848090e+01 1.775352077758099156e+01 1.148912529307605723e+01 1.000000000000000000e+02
2.049100000000000364e+03 1.657348718971882136e+02 1.304640190350480964e+02 2.120851574413514795e-01 4.033429280628848090e+01 1.775352077758099156e+01 1.148912529307605723e+01 1.000000000000000000e+02
2.049799999999999727e+03 1.599018519278216672e+02 1.229691617843555349e+02 2.140286131498237154e-01 4.033429280628848090e+01 1.775352077758099156e+01 1.148912529307605723e+01 1.000000000000000000e+02
2.050500000000000000e+03 1.553603021954776580e+02 1.170027179097568819e+02 2.149743828221384045e-01 4.033429280628848090e+01 1.775352077758099156e+01 1.148912529307605723e+01 1.000000000000000000e+02
2.051200000000000273e+03 1.539255594445097586e+02 1.150907917702598269e+02 2.158852095460538079e-01 4.033429280628848090e+01 1.775352077758099156e+01 1.148912529307605723e+01 1.000000000000000000e+02
2.051899999999999636e+03 1.513513461351916476e+02 1.116245603661425037e+02 2.167145901418515430e-01 4.033429280628848090e+01 1.775352077758099156e+01 1.148912529307605723e+01 1.000000000000000000e+02
2.052599999999999909e+03 1.489885757546291245e+02 1.083992998381117729e+02 2.184559237888009930e-01 4.033429280628848090e+01 1.775352077758099156e+01 1.148912529307605723e+01 1.000000000000000000e+02
2.053300000000000182e+03 1.461262976626199475e+02 1.044303948502762864e+02 2.195700975350779738e-01 4.033429280628848090e+01 1.775352077758099156e+01 1.148912529307605723e+01 1.000000000000000000e+02
2.054000000000000000e+03 1.438542085339262258e+02 1.012267050383560019e+02 2.205230395182344871e-01 4.033429280628848090e+01 1.775352077758099156e+01 1.148912529307605723e+01 1.000000000000000000e+02
2.054699999999999818e+03 1.446772125767739681e+02 1.023929115661091203e+02 2.213381623058164327e-01 4.033429280628848090e+01 1.775352077758099156e+01 1.148912529307605723e+01 1.000000000000000000e+02
2.055400000000000091e+03 1.465086073352562153e+02 1.049646822665428232e+02 2.227044570443585114e-01 4.033429280628848090e+01 1.775352077758099156e+01 1.148912529307605723e+01 1.000000000000000000e+02
2.056099999999999909e+03 1.452329180914903191e+02 1.031766107088691768e+02 2.242166071198959387e-01 4.033429280628848090e+01 1.775352077758099156e+01 1.148912529307605723e+01 1.000000000000000000e+02
2.056800000000000182e+03 1.443499789367502615e+02 1.019300197147054519e+02 2.240863522747167658e-01 4.033429280628848090e+01 1.775352077758099156e+01 1.148912529307605723e+01 1.000000000000000000e+02
2.057500000000000000e+03 1.480223582758718237e+02 1.070674135745819058e+02 2.246760134882330173e-01 4.033429280628848090e+01 1.775352077758099156e+01 1.148912529307605723e+01 1.000000000000000000e+02
2.058199999999999818e+03 1.542446421232351668e+02 1.155171940609920256e+02 2.253429255688931265e-01 4.033429280628848090e+01 1.775352077758099156e+01 1.148912529307605723e+01 1.000000000000000000e+02
2.058900000000000091e+03 1.611764942938667957e+02 1.246221281027606125e+02 2.274709871915470416e-01 4.033429280628848090e+01 1.775352077758099156e+01 1.148912529307605723e+01 1.000000000000000000e+02
2.059599999999999909e+03 1.694518129124859342e+02 1.351544649626054024e+02 2.297931273608750102e-01 4.033429280628848090e+01 1.775352077758099156e+01 1.148912529307605723e+01 1.000000000000000000e+02
2.060299999999999727e+03 1.718669885261047625e+02 1.381704535891527712e+02 2.310469776618422344e-01 4.033429280628848090e+01 1.775352077758099156e+01 1.148912529307605723e+01 1.000000000000000000e+02
2.061000000000000000e+03 1.671969282244740498e+02 1.323163833684246526e+02 2.313885144961051743e-01 4.033429280628848090e+01 1.775352077758099156e+01 1.148912529307605723e+01 1.000000000000000000e+02
2.061700000000000273e+03 1.626076414040590237e+02 1.264676146014901832e+02 2.311136372500466885e-01 4.033429280628848090e+01 1.775352077758099156e+01 1.148912529307605723e+01 1.000000000000000000e+02
2.062399999999999636e+03 1.569460339586871953e+02 1.191002522052803698e+02 2.320080461502465607e-01 4.033429280628848090e+01 1.775352077758099156e+01 1.148912529307605723e+01 1.000000000000000000e+02
2.063099999999999909e+03 1.543550791813835588e+02 1.156646141613379939e+02 2.334193224407548062e-01 4.033429280628848090e+01 1.775352077758099156e+01 1.148912529307605723e+01 1.000000000000000000e+02
2.063800000000000182e+03 1.553213111168309410e+02 1.169509392311639004e+02 2.352076824077838912e-01 4.033429280628848090e+01 1.775352077758099156e+01 1.148912529307605723e+01 1.000000000000000000e+02
2.064500000000000000e+03 1.551145089203349698e+02 1.166761474235273255e+02 2.352850363999612060e-01 4.033429280628848090e+01 1.775352077758099156e+01 1.148912529307605723e+01 1.000000000000000000e+02
2.065199999999999818e+03 1.541208923220450799e+02 1.153519048396835558e+02 2.355823087977627073e-01 4.033429280628848090e+01 1.775352077758099156e+01 1.148912529307605723e+01 1.000000000000000000e+02
2.065900000000000091e+03 1.521302116702699436e+02 1.126783643954824896e+02 2.348018870864760910e-01 4.033429280628848090e+01 1.775352077758099156e+01 1.148912529307605723e+01 1.000000000000000000e+02
2.066600000000000364e+03 1.538646377448480962e+02 1.150093007036967236e+02 2.363637490929224594e-01 4.033429280628848090e+01 1.775352077758099156e+01 1.148912529307605723e+01 1.000000000000000000e+02
2.067299999999999727e+03 1.571253757104840929e+02 1.193364830726998775e+02 2.375088335002157880e-01 4.033429280628848090e+01 1.775352077758099156e+01 1.148912529307605723e+01 1.000000000000000000e+02
2.068000000000000000e+03 1.579586423180294048e+02 1.204314958096724411e+02 2.389531153944944586e-01 4.033429280628848090e+01 1.775352077758099156e+01 1.148912529307605723e+01 1.000000000000000000e+02
2.068700000000000273e+03 1.578225124615832158e+02 1.202528916063417910e+02 2.349481983539515872e-01 4.033429280628848090e+01 1.775352077758099156e+01 1.148912529307605723e+01 1.000000000000000000e+02
2.069400000000000091e+03 1.572665354156975184e+02 1.195222810259946442e+02 2.352680847287801635e-01 4.033429280628848090e+01 1.775352077758099156e+01 1.148912529307605723e+01 1.000000000000000000e+02
2.070099999999999909e+03 1.569261489712123705e+02 1.190740472602453366e+02 2.361326908074356801e-01 4.033429280628848090e+01 1.775352077758099156e+01 1.148912529307605723e+01 1.000000000000000000e+02
2.070800000000000182e+03 1.588227102941219755e+02 1.215626003554160661e+02 2.393462410448121969e-01 4.033429280628848090e+01 1.775352077758099156e+01 1.148912529307605723e+01 1.000000000000000000e+02
2.071500000000000000e+03 1.622502270466248433e+02 1.260077326066988377e+02 2.416016286531352808e-01 4.033429280628848090e+01 1.775352077758099156e+01 1.148912529307605723e+01 1.000000000000000000e+02
2.072199999999999818e+03 1.659968935059345370e+02 1.307967169068878945e+02 2.438710761603044286e-01 4.033429280628848090e+01 1.775352077758099156e+01 1.148912529307605723e+01 1.000000000000000000e+02
2.072900000000000091e+03 1.675142019230982839e+02 1.327170687814214034e+02 2.473883136254884652e-01 4.033429280628848090e+01 1.775352077758099156e+01 1.148912529307605723e+01 1.000000000000000000e+02
2.073599999999999909e+03 1.671710701559468077e+02 1.322837072246030061e+02 2.470983044442974508e-01 4.033429280628848090e+01 1.775352077758099156e+01 1.148912529307605723e+01 1.000000000000000000e+02
2.074300000000000182e+03 1.685342762427942205e+02 1.340022938933601608e+02 2.472825214172409691e-01 4.033429280628848090e+01 1.775352077758099156e+01 1.148912529307605723e+01 1.000000000000000000e+02
2.075000000000000000e+03 1.702071432140032812e+02 1.361002722299710115e+02 2.453891817672891329e-01 4.033429280628848090e+01 1.775352077758099156e+01 1.148912529307605723e+01 1.000000000000000000e+02
2.075699999999999818e+03 1.719295388053033093e+02 1.382482506717690569e+02 2.453402323257220519e-01 4.033429280628848090e+01 1.775352077758099156e+01 1.148912529307605723e+01 1.000000000000000000e+02
2.076400000000000091e+03 1.728364255806310439e+02 1.393744686357189835e+02 2.460560281052696363e-01 4.033429280628848090e+01 1.775352077758099156e+01 1.148912529307605723e+01 1.000000000000000000e+02
2.077100000000000364e+03 1.712054932643335974e+02 1.373467634270417648e+02 2.468252153616393441e-01 4.033429280628848090e+01 1.775352077758099156e+01 1.148912529307605723e+01 1.000000000000000000e+02
2.077799999999999727e+03 1.711751533832910752e+02 1.373089423009048744e+02 2.496758366273088559e-01 4.033429280628848090e+01 1.775352077758099156e+01 1.148912529307605723e+01 1.000000000000000000e+02
2.078500000000000000e+03 1.787851755411014381e+02 1.466865757091031526e+02 2.515308158010899353e-01 4.033429280628848090e+01 1.775352077758099156e+01 1.148912529307605723e+01 1.000000000000000000e+02
2.079200000000000273e+03 1.858624373987078400e+02 1.552342041426070125e+02 2.532381091698212572e-01 4.033429280628848090e+01 1.775352077758099156e+01 1.148912529307605723e+01 1.000000000000000000e+02
2.079899999999999636e+03 1.882512965730815893e+02 1.580865685674982331e+02 2.515629676154675920e-01 4.033429280628848090e+01 1.775352077758099156e+01 1.148912529307605723e+01 1.000000000000000000e+02
2.080599999999999909e+03 1.878626791209624116e+02 1.576235981904539756e+02 2.531670804567169308e-01 4.033429280628848090e+01 1.775352077758099156e+01 1.148912529307605723e+01 1.000000000000000000e+02
2.081300000000000182e+03 1.851091101904182779e+02 1.543314458413722434e+02 2.545796966920194637e-01 4.033429280628848090e+01 1.775352077758099156e+01 1.148912529307605723e+01 1.000000000000000000e+02
2.082000000000000000e+03 1.824492095580056912e+02 1.511308260029735777e+02 2.581839355940813707e-01 4.033429280628848090e+01 1.775352077758099156e+01 1.148912529307605723e+01 1.000000000000000000e+02
2.082699999999999818e+03 1.815678820974624728e+02 1.500656799849920162e+02 2.601914018733549328e-01 4.033429280628848090e+01 1.775352077758099156e+01 1.148912529307605723e+01 1.000000000000000000e+02
2.083400000000000091e+03 1.815498053073704625e+02 1.500438079600225194e+02 2.616893827100854608e-01 4.033429280628848090e+01 1.775352077758099156e+01 1.148912529307605723e+01 1.000000000000000000e+02
2.084099999999999909e+03 1.797156228748808928e+02 1.478192058066421168e+02 2.640588633576150257e-01 4.033429280628848090e+01 1.775352077758099156e+01 1.148912529307605723e+01 1.000000000000000000e+02
2.084800000000000182e+03 1.768178235235560010e+02 1.442822068572815795e+02 2.636751226694034611e-01 4.033429280628848090e+01 1.775352077758099156e+01 1.148912529307605723e+01 1.000000000000000000e+02
2.085500000000000000e+03 1.794689177204481325e+02 1.475191680011413951e+02 2.634963202943170768e-01 4.033429280628848090e+01 1.775352077758099156e+01 1.148912529307605723e+01 1.000000000000000000e+02
2.086199999999999818e+03 1.827703182474395476e+02 1.515183214409080676e+02 2.630728259497621124e-01 4.033429280628848090e+01 1.775352077758099156e+01 1.148912529307605723e+01 1.000000000000000000e+02
2.086900000000000091e+03 1.850708236148550725e+02 1.542855218530915806e+02 2.635976581944776131e-01 4.033429280628848090e+01 1.775352077758099156e+01 1.148912529307605723e+01 1.000000000000000000e+02
2.087599999999999909e+03 1.861106264171987448e+02 1.555312758431632005e+02 2.659480813420153633e-01 4.033429280628848090e+01 1.775352077758099156e+01 1.148912529307605723e+01 1.000000000000000000e+02
2.088299999999999727e+03 1.857739168151897786e+02 1.551282071992616522e+02 2.675445232723014932e-01 4.033429280628848090e+01 1.775352077758099156e+01 1.148912529307605723e+01 1.000000000000000000e+02
2.089000000000000000e+03 1.853895723094628067e+02 1.546677277944094726e+02 2.704719595506888119e-01 4.033429280628848090e+01 1.775352077758099156e+01 1.148912529307605723e+01 1.000000000000000000e+02
2.089700000000000273e+03 1.846321299973815542e+02 1.537590190114713380e+02 2.722598792846613880e-01 4.033429280628848090e+01 1.775352077758099156e+01 1.148912529307605723e+01 1.000000000000000000e+02
2.090399999999999636e+03 1.854504279635210366e+02 1.547406660572879389e+02 2.717843740359925930e-01 4.033429280628848090e+01 1.775352077758099156e+01 1.148912529307605723e+01 1.000000000000000000e+02
2.091099999999999909e+03 1.878692602337262656e+02 1.576314417899156410e+02 2.679712370980461555e-01 4.033429280628848090e+01 1.775352077758099156e+01 1.148912529307605723e+01 1.000000000000000000e+02
2.091800000000000182e+03 1.883402053458621594e+02 1.581924317080988658e+02 2.680512786753684873e-01 4.033429280628848090e+01 1.775352077758099156e+01 1.148912529307605723e+01 1.000000000000000000e+02
2.092500000000000000e+03 1.876691521094514599e+02 1.573928942280445824e+02 2.704860669731916079e-01 4.033429280628848090e+01 1.775352077758099156e+01 1.148912529307605723e+01 1.000000000000000000e+02
2.093199999999999818e+03 1.854288027190674768e+02 1.547147484172948566e+02 2.729388580980722789e-01 4.033429280628848090e+01 1.775352077758099156e+01 1.148912529307605723e+01 1.000000000000000000e+02
2.093900000000000091e+03 1.834279357979256417e+02 1.523109324083072238e+02 2.734597266973511909e-01 4.033429280628848090e+01 1.775352077758099156e+01 1.148912529307605723e+01 1.000000000000000000e+02
2.094599999999999909e+03 1.876606913263199203e+02 1.573828058241189467e+02 2.754423596601110469e-01 4.033429280628848090e+01 1.775352077758099156e+01 1.148912529307605723e+01 1.000000000000000000e+02
2.095299999999999727e+03 1.911724128864232739e+02 1.615540279560280794e+02 2.770407282959621575e-01 4.033429280628848090e+01 1.775352077758099156e+01 1.148912529307605723e+01 1.000000000000000000e+02
2.096000000000000000e+03 1.921269144935437510e+02 1.626824015461090767e+02 2.789085804141057112e-01 4.033429280628848090e+01 1.775352077758099156e+01 1.148912529307605723e+01 1.000000000000000000e+02
2.096699999999999818e+03 1.922043370600842422e+02 1.627738298520571902e+02 2.798633579372537539e-01 4.033429280628848090e+01 1.775352077758099156e+01 1.148912529307605723e+01 1.000000000000000000e+02
2.097400000000000091e+03 1.911212740888778114e+02 1.614935104248958737e+02 2.811262615199438542e-01 4.033429280628848090e+01 1.775352077758099156e+01 1.148912529307605723e+01 1.000000000000000000e+02
2.098099999999999909e+03 1.857417586875187396e+02 1.550896947586539056e+02 2.830416171262681302e-01 4.033429280628848090e+01 1.775352077758099156e+01 1.148912529307605723e+01 1.000000000000000000e+02
2.098800000000000182e+03 1.808532915990658125e+02 1.492002868033997061e+02 2.854463105438659332e-01 4.033429280628848090e+01 1.775352077758099156e+01 1.148912529307605723e+01 1.000000000000000000e+02
2.099500000000000000e+03 1.858712141616630049e+02 1.552447124830047187e+02 2.871458687483539052e-01 4.033429280628848090e+01 1.775352077758099156e+01 1.148912529307605723e+01 1.000000000000000000e+02
2.100200000000000273e+03 1.879243676526459126e+02 1.576971161995260502e+02 2.887672263907077874e-01 4.033429280628848090e+01 1.775352077758099156e+01 1.148912529307605723e+01 1.000000000000000000e+02
2.100900000000000091e+03 1.862604171385820848e+02 1.557104861357725269e+02 2.887031989121651709e-01 4.033429280628848090e+01 1.775352077758099156e+01 1.148912529307605723e+01 1.000000000000000000e+02
2.101599999999999909e+03 1.824883937196386512e+02 1.511781278570873610e+02 2.879686163885932793e-01 4.033429280628848090e+01 1.775352077758099156e+01 1.148912529307605723e+01 1.000000000000000000e+02
2.102300000000000182e+03 1.865091949400977569e+02 1.560079879275525627e+02 2.882156543331436671e-01 4.033429280628848090e+01 1.775352077758099156e+01 1.148912529307605723e+01 1.000000000000000000e+02
2.103000000000000000e+03 1.921592919114451092e+02 1.627206378057435359e+02 2.874358084067817898e-01 4.033429280628848090e+01 1.775352077758099156e+01 1.148912529307605723e+01 1.000000000000000000e+02
2.103699999999999818e+03 1.934969712437012674e+02 1.642981752195859144e+02 2.865686161961069067e-01 4.033429280628848090e+01 1.775352077758099156e+01 1.148912529307605723e+01 1.000000000000000000e+02
2.104400000000000091e+03 1.928579482396701223e+02 1.635451029508840861e+02 2.873031773822203871e-01 4.033429280628848090e+01 1.775352077758099156e+01 1.148912529307605723e+01 1.000000000000000000e+02
2.105100000000000364e+03 1.919969058489774056e+02 1.625288416115155030e+02 2.883036806105116479e-01 4.033429280628848090e+01 1.775352077758099156e+01 1.148912529307605723e+01 1.000000000000000000e+02
2.105799999999999727e+03 1.923959676765649647e+02 1.630000640435513333e+02 2.894650351092274976e-01 4.033429280628848090e+01 1.775352077758099156e+01 1.148912529307605723e+01 1.000000000000000000e+02
2.106500000000000000e+03 1.926081348499675414e+02 1.632504398474420100e+02 2.929320689632836094e-01 4.033429280628848090e+01 1.775352077758099156e+01 1.148912529307605723e+01 1.000000000000000000e+02
2.107200000000000273e+03 1.929867812259763582e+02 1.636970073885373722e+02 2.964939753981607473e-01 4.033429280628848090e+01 1.775352077758099156e+01 1.148912529307605723e+01 1.000000000000000000e+02
2.107900000000000091e+03 1.931500275690926003e+02 1.638894311721815313e+02 3.005606186233046317e-01 4.033429280628848090e+01 1.775352077758099156e+01 1.148912529307605723e+01 1.000000000000000000e+02
2.108599999999999909e+03 1.927458885041988879e+02 1.634129432917511053e+02 3.007951571043551153e-01 4.033429280628848090e+01 1.775352077758099156e+01 1.148912529307605723e+01 1.000000000000000000e+02
2.109300000000000182e+03 1.910195945638533033e+02 1.613731638387835972e+02 3.010507782272937027e-01 4.033429280628848090e+01 1.775352077758099156e+01 1.148912529307605723e+01 1.000000000000000000e+02
2.110000000000000000e+03 1.899295152136340903e+02 1.600813332318483049e+02 2.972095011861314307e-01 4.033429280628848090e+01 1.775352077758099156e+01 1.148912529307605723e+01 1.000000000000000000e+02
2.110699999999999818e+03 1.908632906784098680e+02 1.611881144147768055e+02 2.965667357442020036e-01 4.033429280628848090e+01 1.775352077758099156e+01 1.148912529307605723e+01 1.000000000000000000e+02
2.111400000000000091e+03 1.884230869263899422e+02 1.582910995187976653e+02 2.973121461578885349e-01 4.033429280628848090e+01 1.775352077758099156e+01 1.148912529307605723e+01 1.000000000000000000e+02
2.112099999999999909e+03 1.864404686733412859e+02 1.559258184494638328e+02 2.980804714203210692e-01 4.033429280628848090e+01 1.775352077758099156e+01 1.148912529307605723e+01 1.000000000000000000e+02
2.112800000000000182e+03 1.895623040435991697e+02 1.596454810331878491e+02 3.024512722251058161e-01 4.033429280628848090e+01 1.775352077758099156e+01 1.148912529307605723e+01 1.000000000000000000e+02
2.113500000000000000e+03 1.927662034219730458e+02 1.634369042833395440e+02 3.031929833075245329e-01 4.033429280628848090e+01 1.775352077758099156e+01 1.148912529307605723e+01 1.000000000000000000e+02
2.114199999999999818e+03 1.934630167892652537e+02 1.642581850782588049e+02 3.037864395607767221e-01 4.033429280628848090e+01 1.775352077758099156e+01 1.148912529307605723e+01 1.000000000000000000e+02
2.114900000000000091e+03 1.924764232096225669e+02 1.630950213573968597e+02 3.037873208035000161e-01 4.033429280628848090e+01 1.775352077758099156e+01 1.148912529307605723e+01 1.000000000000000000e+02
2.115600000000000364e+03 1.912302320450502009e+02 1.616224432063930294e+02 3.052392331633532740e-01 4.033429280628848090e+01 1.775352077758099156e+01 1.148912529307605723e+01 1.000000000000000000e+02
2.116299999999999727e+03 1.912429905164416652e+02 1.616375387144700539e+02 3.065286739350747136e-01 4.033429280628848090e+01 1.775352077758099156e+01 1.148912529307605723e+01 1.000000000000000000e+02
2.117000000000000000e+03 1.919898256012880040e+02 1.625204775848661711e+02 3.091481974073067018e-01 4.033429280628848090e+01 1.775352077758099156e+01 1.148912529307605723e+01 1.000000000000000000e+02
2.117700000000000273e+03 1.893988274887968828e+02 1.594513353789520522e+02 3.088176498365042821e-01 4.033429280628848090e+01 1.775352077758099156e+01 1.148912529307605723e+01 1.000000000000000000e+02
2.118399999999999636e+03 1.841372375729097541e+02 1.531644043535644926e+02 3.089341102198035482e-01 4.033429280628848090e+01 1.775352077758099156e+01 1.148912529307605723e+01 1.000000000000000000e+02
2.119099999999999909e+03 1.849708564534355446e+02 1.541655935580875791e+02 3.074859530373469374e-01 4.033429280628848090e+01 1.775352077758099156e+01 1.148912529307605723e+01 1.000000000000000000e+02
2.119800000000000182e+03 1.865218324787798281e+02 1.560230960186407856e+02 3.037016222109918950e-01 4.033429280628848090e+01 1.775352077758099156e+01 1.148912529307605723e+01 1.000000000000000000e+02
2.120500000000000000e+03 1.883759441593391841e+02 1.582349798177459661e+02 3.033151791742178527e-01 4.033429280628848090e+01 1.775352077758099156e+01 1.148912529307605723e+01 1.000000000000000000e+02
2.121199999999999818e+03 1.916154458239880682e+02 1.620780416291044048e+02 3.030562382472823391e-01 4.033429280628848090e+01 1.775352077758099156e+01 1.148912529307605723e+01 1.000000000000000000e+02
2.121900000000000091e+03 1.932156845619049648e+02 1.639668053623219066e+02 3.033046930611005831e-01 4.033429280628848090e+01 1.775352077758099156e+01 1.148912529307605723e+01 1.000000000000000000e+02
2.122599999999999909e+03 1.939133751520938631e+02 1.647883781183512326e+02 3.034493635605285400e-01 4.033429280628848090e+01 1.775352077758099156e+01 1.148912529307605723e+01 1.000000000000000000e+02
2.123300000000000182e+03 1.929963178338560681e+02 1.637082502423955077e+02 3.047789966078963686e-01 4.033429280628848090e+01 1.775352077758099156e+01 1.148912529307605723e+01 1.000000000000000000e+02
2.124000000000000000e+03 1.882943787272190264e+02 1.581378688368772600e+02 3.114597638327539220e-01 4.033429280628848090e+01 1.775352077758099156e+01 1.148912529307605723e+01 1.000000000000000000e+02
2.124699999999999818e+03 1.856359874626554927e+02 1.549630031369913183e+02 3.166666739231610572e-01 4.033429280628848090e+01 1.775352077758099156e+01 1.148912529307605723e+01 1.000000000000000000e+02
2.125400000000000091e+03 1.904507222068513954e+02 1.606993779985202195e+02 3.169223193923369486e-01 4.033429280628848090e+01 1.775352077758099156e+01 1.148912529307605723e+01 1.000000000000000000e+02
2.126099999999999909e+03 1.929510888474413548e+02 1.636549271712074187e+02 3.137528408286825998e-01 4.033429280628848090e+01 1.775352077758099156e+01 1.148912529307605723e+01 1.000000000000000000e+02
2.126799999999999727e+03 1.906678382122176174e+02 1.609566308932949710e+02 3.124518488557622153e-01 4.033429280628848090e+01 1.775352077758099156e+01 1.148912529307605723e+01 1.000000000000000000e+02
2.127500000000000000e+03 1.849716618926498768e+02 1.541665599386870440e+02 3.137892381690269294e-01 4.033429280628848090e+01 1.775352077758099156e+01 1.148912529307605723e+01 1.000000000000000000e+02
2.128200000000000273e+03 1.864051781418006613e+02 1.558836198517228695e+02 3.151724675642949003e-01 4.033429280628848090e+01 1.775352077758099156e+01 1.148912529307605723e+01 1.000000000000000000e+02
2.128899999999999636e+03 1.921422919455549447e+02 1.627005619353875261e+02 3.150761847284945238e-01 4.033429280628848090e+01 1.775352077758099156e+01 1.148912529307605723e+01 1.000000000000000000e+02
2.129599999999999909e+03 1.937447431403731173e+02 1.645899085440208864e+02 3.149895219255498535e-01 4.033429280628848090e+01 1.775352077758099156e+01 1.148912529307605723e+01 1.000000000000000000e+02
2.130300000000000182e+03 1.936989100634935141e+02 1.645359543072131885e+02 3.166214998357481103e-01 4.033429280628848090e+01 1.775352077758099156e+01 1.148912529307605723e+01 1.000000000000000000e+02
2.131000000000000000e+03 1.935695442824111581e+02 1.643836396169045031e+02 3.266415949193737789e-01 4.033429280628848090e+01 1.775352077758099156e+01 1.148912529307605723e+01 1.000000000000000000e+02
2.131699999999999818e+03 1.937379003119290815e+02 1.645818535479381808e+02 3.259858311662663377e-01 4.033429280628848090e+01 1.775352077758099156e+01 1.148912529307605723e+01 1.000000000000000000e+02
2.132400000000000091e+03 1.936141616776530725e+02 1.644361763789841575e+02 3.262487168530555648e-01 4.033429280628848090e+01 1.775352077758099156e+01 1.148912529307605723e+01 1.000000000000000000e+02
2.133100000000000364e+03 1.935806963847310556e+02 1.643967716008967841e+02 3.253215960678997876e-01 4.033429280628848090e+01 1.775352077758099156e+01 1.148912529307605723e+01 1.000000000000000000e+02
2.133799999999999727e+03 1.937660725371796104e+02 1.646150156166913803e+02 3.233298551701855317e-01 4.033429280628848090e+01 1.775352077758099156e+01 1.148912529307605723e+01 1.000000000000000000e+02
2.134500000000000000e+03 1.935942036205153443e+02 1.644126764439456281e+02 3.238551521733119554e-01 4.033429280628848090e+01 1.775352077758099156e+01 1.148912529307605723e+01 1.000000000000000000e+02
2.135200000000000273e+03 1.918564176320360275e+02 1.623628574723856843e+02 3.246031409514661958e-01 4.033429280628848090e+01 1.775352077758099156e+01 1.148912529307605723e+01 1.000000000000000000e+02
2.135900000000000091e+03 1.897403528167486684e+02 1.598568546763768268e+02 3.234234113184911719e-01 4.033429280628848090e+01 1.775352077758099156e+01 1.148912529307605723e+01 1.000000000000000000e+02
2.136599999999999909e+03 1.913538929865270291e+02 1.617687388252107041e+02 3.225733636813800098e-01 4.033429280628848090e+01 1.775352077758099156e+01 1.148912529307605723e+01 1.000000000000000000e+02
2.137300000000000182e+03 1.929365189243246732e+02 1.636377488070411346e+02 3.223519307157293734e-01 4.033429280628848090e+01 1.775352077758099156e+01 1.148912529307605723e+01 1.000000000000000000e+02
2.138000000000000000e+03 1.933069609312068735e+02 1.640743540120123214e+02 3.168703533194670019e-01 4.033429280628848090e+01 1.775352077758099156e+01 1.148912529307605723e+01 1.000000000000000000e+02
2.138699999999999818e+03 1.930642219245544027e+02 1.637882971623235164e+02 3.139790809513189895e-01 4.033429280628848090e+01 1.775352077758099156e+01 1.148912529307605723e+01 1.000000000000000000e+02
2.139400000000000091e+03 1.927923886600797232e+02 1.634677877297519331e+02 3.140669964378440260e-01 4.033429280628848090e+01 1.775352077758099156e+01 1.148912529307605723e+01 1.000000000000000000e+02
2.140099999999999909e+03 1.931851905733933279e+02 1.639308706646746714e+02 3.134516368020743293e-01 4.033429280628848090e+01 1.775352077758099156e+01 1.148912529307605723e+01 1.000000000000000000e+02
2.140800000000000182e+03 1.936165372151540112e+02 1.644389734314439124e+02 3.160730646059500826e-01 4.033429280628848090e+01 1.775352077758099156e+01 1.148912529307605723e+01 1.000000000000000000e+02
2.141500000000000000e+03 1.935462280886276574e+02 1.643561830517339502e+02 3.183323711730070560e-01 4.033429280628848090e+01 1.775352077758099156e+01 1.148912529307605723e+01 1.000000000000000000e+02
2.142199999999999818e+03 1.932317599792335727e+02 1.639857480535187904e+02 3.209148481353608084e-01 4.033429280628848090e+01 1.775352077758099156e+01 1.148912529307605723e+01 1.000000000000000000e+02
2.142900000000000091e+03 1.928599388347263073e+02 1.635474503235509758e+02 3.327656892776097441e-01 4.033429280628848090e+01 1.775352077758099156e+01 1.148912529307605723e+01 1.000000000000000000e+02
2.143600000000000364e+03 1.927934880363159493e+02 1.634690843224158243e+02 3.360679988144954500e-01 4.033429280628848090e+01 1.775352077758099156e+01 1.148912529307605723e+01 1.000000000000000000e+02
2.144299999999999727e+03 1.925350020905077031e+02 1.631641490340074938e+02 3.374732456941237357e-01 4.033429280628848090e+01 1.775352077758099156e+01 1.148912529307605723e+01 1.000000000000000000e+02
2.145000000000000000e+03 1.925247727817072700e+02 1.631520782418906776e+02 3.350991581617681625e-01 4.033429280628848090e+01 1.775352077758099156e+01 1.148912529307605723e+01 1.000000000000000000e+02
2.145700000000000273e+03 1.926311156736870203e+02 1.632775527305862795e+02 3.316771043411794184e-01 4.033429280628848090e+01 1.775352077758099156e+01 1.148912529307605723e+01 1.000000000000000000e+02
2.146399999999999636e+03 1.925181546100350545e+02 1.631442685308109901e+02 3.314919230716488197e-01 4.033429280628848090e+01 1.775352077758099156e+01 1.148912529307605723e+01 1.000000000000000000e+02
2.147099999999999909e+03 1.920884554431615356e+02 1.626369798494163206e+02 3.300935771927391293e-01 4.033429280628848090e+01 1.775352077758099156e+01 1.148912529307605723e+01 1.000000000000000000e+02
2.147800000000000182e+03 1.912161421942574009e+02 1.616057719750580759e+02 3.275053975070184031e-01 4.033429280628848090e+01 1.775352077758099156e+01 1.148912529307605723e+01 1.000000000000000000e+02
2.148500000000000000e+03 1.907829193292282071e+02 1.610929384168741194e+02 3.334350474408008802e-01 4.033429280628848090e+01 1.775352077758099156e+01 1.148912529307605723e+01 1.000000000000000000e+02
2.149199999999999818e+03 1.901725147978246468e+02 1.603695665783531297e+02 3.393855557179119020e-01 4.033429280628848090e+01 1.775352077758099156e+01 1.148912529307605723e+01 1.000000000000000000e+02
2.149900000000000091e+03 1.888330762460845449e+02 1.587789129089866833e+02 3.387016589017372015e-01 4.033429280628848090e+01 1.775352077758099156e+01 1.148912529307605723e+01 1.000000000000000000e+02
2.150599999999999909e+03 1.863675548482015358e+02 1.558386280743558245e+02 3.453907873759027303e-01 4.033429280628848090e+01 1.775352077758099156e+01 1.148912529307605723e+01 1.000000000000000000e+02
2.151300000000000182e+03 1.811078095158640338e+02 1.495086993042026506e+02 3.480463751205747358e-01 4.033429280628848090e+01 1.775352077758099156e+01 1.148912529307605723e+01 1.000000000000000000e+02
2.152000000000000000e+03 1.802743548612184270e+02 1.484979983724646218e+02 3.466395148256723457e-01 4.033429280628848090e+01 1.775352077758099156e+01 1.148912529307605723e+01 1.000000000000000000e+02
2.152699999999999818e+03 1.823062274702090519e+02 1.509581831979293725e+02 3.483784316156026128e-01 4.033429280628848090e+01 1.775352077758099156e+01 1.148912529307605723e+01 1.000000000000000000e+02
2.153400000000000091e+03 1.839681548823431569e+02 1.529610882244690515e+02 3.487326477249483303e-01 4.033429280628848090e+01 1.775352077758099156e+01 1.148912529307605723e+01 1.000000000000000000e+02
2.154099999999999909e+03 1.857433667973769786e+02 1.550916206931403565e+02 3.472397874475431911e-01 4.033429280628848090e+01 1.775352077758099156e+01 1.148912529307605723e+01 1.000000000000000000e+02
2.154799999999999727e+03 1.875247893747083481e+02 1.572207337790684960e+02 3.490383513895629619e-01 4.033429280628848090e+01 1.775352077758099156e+01 1.148912529307605723e+01 1.000000000000000000e+02
2.155500000000000000e+03 1.891929567023497611e+02 1.592067440964018772e+02 3.509240591774980267e-01 4.033429280628848090e+01 1.775352077758099156e+01 1.148912529307605723e+01 1.000000000000000000e+02
2.156200000000000273e+03 1.902399110697240303e+02 1.604494819680528224e+02 3.526765589046477190e-01 4.033429280628848090e+01 1.775352077758099156e+01 1.148912529307605723e+01 1.000000000000000000e+02
2.156899999999999636e+03 1.907253111589732271e+02 1.610247087148030403e+02 3.542833482190198002e-01 4.033429280628848090e+01 1.775352077758099156e+01 1.148912529307605723e+01 1.000000000000000000e+02
2.157599999999999909e+03 1.899874315498919941e+02 1.601500441677269748e+02 3.566372052238224732e-01 4.033429280628848090e+01 1.775352077758099156e+01 1.148912529307605723e+01 1.000000000000000000e+02
2.158300000000000182e+03 1.880547522105240148e+02 1.578524701389293625e+02 3.585438940563747123e-01 4.033429280628848090e+01 1.775352077758099156e+01 1.148912529307605723e+01 1.000000000000000000e+02
2.159000000000000000e+03 1.855208288467102591e+02 1.548250316840605763e+02 3.631959355358357344e-01 4.033429280628848090e+01 1.775352077758099156e+01 1.148912529307605723e+01 1.000000000000000000e+02
2.159699999999999818e+03 1.855851899289089886e+02 1.549021472444756569e+02 3.638616673264797319e-01 4.033429280628848090e+01 1.775352077758099156e+01 1.148912529307605723e+01 1.000000000000000000e+02
2.160400000000000091e+03 1.865450602137141232e+02 1.560508634712997207e+02 3.667780548369016236e-01 4.033429280628848090e+01 1.775352077758099156e+01 1.148912529307605723e+01 1.000000000000000000e+02
2.161099999999999909e+03 1.866686792446331822e+02 1.561986181466908761e+02 3.733842220802204848e-01 4.033429280628848090e+01 1.775352077758099156e+01 1.148912529307605723e+01 1.000000000000000000e+02
2.161799999999999727e+03 1.873772421574259113e+02 1.570447177670189376e+02 3.651474910627974246e-01 4.033429280628848090e+01 1.775352077758099156e+01 1.148912529307605723e+01 1.000000000000000000e+02
2.162500000000000000e+03 1.840668490438330593e+02 1.530797746827621495e+02 3.653204177426928601e-01 4.033429280628848090e+01 1.775352077758099156e+01 1.148912529307605723e+01 1.000000000000000000e+02
2.163199999999999818e+03 1.760691892437727120e+02 1.433637747164863470e+02 3.660469801458732797e-01 4.033429280628848090e+01 1.775352077758099156e+01 1.148912529307605723e+01 1.000000000000000000e+02
2.163900000000000091e+03 1.775229986271467055e+02 1.451455391721493129e+02 3.740155108225454716e-01 4.033429280628848090e+01 1.775352077758099156e+01 1.148912529307605723e+01 1.000000000000000000e+02
2.164599999999999909e+03 1.848229178661079573e+02 1.539880627468963326e+02 3.731512822901774662e-01 4.033429280628848090e+01 1.775352077758099156e+01 1.148912529307605723e+01 1.000000000000000000e+02
2.165299999999999727e+03 1.844843627921784730e+02 1.535815503725500548e+02 3.737803298769595273e-01 4.033429280628848090e+01 1.775352077758099156e+01 1.148912529307605723e+01 1.000000000000000000e+02
2.166000000000000000e+03 1.808748491125319617e+02 1.492264170362647633e+02 3.759672061603806514e-01 4.033429280628848090e+01 1.775352077758099156e+01 1.148912529307605723e+01 1.000000000000000000e+02
2.166700000000000273e+03 1.812039011363768566e+02 1.496250857545012138e+02 3.693483400927590754e-01 4.033429280628848090e+01 1.775352077758099156e+01 1.148912529307605723e+01 1.000000000000000000e+02
2.167400000000000091e+03 1.840921740621442382e+02 1.531102251677751838e+02 3.711231222874026292e-01 4.033429280628848090e+01 1.775352077758099156e+01 1.148912529307605723e+01 1.000000000000000000e+02
2.168099999999999909e+03 1.827258318288463101e+02 1.514646563312504952e+02 3.767531117226048387e-01 4.033429280628848090e+01 1.775352077758099156e+01 1.148912529307605723e+01 1.000000000000000000e+02
2.168800000000000182e+03 1.806179777505128357e+02 1.489149636090502042e+02 3.833527043079234531e-01 4.033429280628848090e+01 1.775352077758099156e+01 1.148912529307605723e+01 1.000000000000000000e+02
2.169500000000000000e+03 1.852435257446794878e+02 1.544926416704683447e+02 3.837247866819532560e-01 4.033429280628848090e+01 1.775352077758099156e+01 1.148912529307605723e+01 1.000000000000000000e+02
2.170199999999999818e+03 1.886566655792365736e+02 1.585690700214764775e+02 3.839938294914043704e-01 4.033429280628848090e+01 1.775352077758099156e+01 1.148912529307605723e+01 1.000000000000000000e+02
2.170900000000000091e+03 1.896371968070579896e+02 1.597344011565412245e+02 3.877053210429104446e-01 4.033429280628848090e+01 1.775352077758099156e+01 1.148912529307605723e+01 1.000000000000000000e+02
2.171600000000000364e+03 1.894839233422630684e+02 1.595524042600945052e+02 3.811095242772219449e-01 4.033429280628848090e+01 1.775352077758099156e+01 1.148912529307605723e+01 1.000000000000000000e+02
2.172299999999999727e+03 1.874457206174859891e+02 1.571264162316719251e+02 3.798361051770559604e-01 4.033429280628848090e+01 1.775352077758099156e+01 1.148912529307605723e+01 1.000000000000000000e+02
2.173000000000000000e+03 1.857297881901891401e+02 1.550753582010131311e+02 3.819860752222959954e-01 4.033429280628848090e+01 1.775352077758099156e+01 1.148912529307605723e+01 1.000000000000000000e+02
2.173700000000000273e+03 1.840451006087837129e+02 1.530536231459331304e+02 3.911463147004511920e-01 4.033429280628848090e+01 1.775352077758099156e+01 1.148912529307605723e+01 1.000000000000000000e+02
2.174400000000000091e+03 1.820140403063880115e+02 1.506051903775412484e+02 3.937433705917953164e-01 4.033429280628848090e+01 1.775352077758099156e+01 1.148912529307605723e+01 1.000000000000000000e+02
2.175099999999999909e+03 1.837513451390315424e+02 1.527002597915389686e+02 3.966427258677815426e-01 4.033429280628848090e+01 1.775352077758099156e+01 1.148912529307605723e+01 1.000000000000000000e+02
2.175800000000000182e+03 1.834324615766451529e+02 1.523163827697710246e+02 3.913329735943635868e-01 4.033429280628848090e+01 1.775352077758099156e+01 1.148912529307605723e+01 1.000000000000000000e+02
2.176500000000000000e+03 1.836200300555416334e+02 1.525422169027250447e+02 3.911902705477694475e-01 4.033429280628848090e+01 1.775352077758099156e+01 1.148912529307605723e+01 1.000000000000000000e+02
2.177199999999999818e+03 1.877836645234998798e+02 1.575294168143663001e+02 3.913232497520496289e-01 4.033429280628848090e+01 1.775352077758099156e+01 1.148912529307605723e+01 1.000000000000000000e+02
2.177900000000000091e+03 1.878117612113011319e+02 1.575629085454149561e+02 3.943143007128169231e-01 4.033429280628848090e+01 1.775352077758099156e+01 1.148912529307605723e+01 1.000000000000000000e+02
2.178599999999999909e+03 1.845039690859018151e+02 1.536051011797831052e+02 4.008668997461920513e-01 4.033429280628848090e+01 1.775352077758099156e+01 1.148912529307605723e+01 1.000000000000000000e+02
2.179300000000000182e+03 1.829352773521072777e+02 1.517172640139954751e+02 4.033403750285117773e-01 4.033429280628848090e+01 1.775352077758099156e+01 1.148912529307605723e+01 1.000000000000000000e+02
2.180000000000000000e+03 1.864632263348959782e+02 1.559530290671477815e+02 3.998248358314289153e-01 4.033429280628848090e+01 1.775352077758099156e+01 1.148912529307605723e+01 1.000000000000000000e+02
2.180699999999999818e+03 1.894668747045756447e+02 1.595321569788341094e+02 3.882327432546649471e-01 4.033429280628848090e+01 1.775352077758099156e+01 1.148912529307605723e+01 1.000000000000000000e+02
2.181400000000000091e+03 1.898838270024753001e+02 1.600271235044421019e+02 3.891314406703656470e-01 4.033429280628848090e+01 1.775352077758099156e+01 1.148912529307605723e+01 1.000000000000000000e+02
2.182100000000000364e+03 1.878534996794277276e+02 1.576126576192684752e+02 3.936547444016109121e-01 4.033429280628848090e+01 1.775352077758099156e+01 1.148912529307605723e+01 1.000000000000000000e+02
2.182799999999999727e+03 1.808318817830819114e+02 1.491743341503843112e+02 4.014403971673861649e-01 4.033429280628848090e+01 1.775352077758099156e+01 1.148912529307605723e+01 1.000000000000000000e+02
2.183500000000000000e+03 1.759078030940010251e+02 1.431655254918509854e+02 4.045674853161395634e-01 4.033429280628848090e+01 1.775352077758099156e+01 1.148912529307605723e+01 1.000000000000000000e+02
2.184200000000000273e+03 1.753711663517003672e+02 1.425056437042258324e+02 4.077239563924377475e-01 4.033429280628848090e+01 1.775352077758099156e+01 1.148912529307605723e+01 1.000000000000000000e+02
2.184899999999999636e+03 1.728078326995912448e+02 1.393390094063034326e+02 4.161113528070792822e-01 4.033429280628848090e+01 1.775352077758099156e+01 1.148912529307605723e+01 1.000000000000000000e+02
2.185599999999999909e+03 1.804037143115767776e+02 1.486550121503241257e+02 4.092552146167103833e-01 4.033429280628848090e+01 1.775352077758099156e+01 1.148912529307605723e+01 1.000000000000000000e+02
2.186300000000000182e+03 1.860259451953780570e+02 1.554299352950833679e+02 4.079519504621693105e-01 4.033429280628848090e+01 1.775352077758099156e+01 1.148912529307605723e+01 1.000000000000000000e+02
2.187000000000000000e+03 1.832136966146285886e+02 1.520528563598762730e+02 4.103427960333547175e-01 4.033429280628848090e+01 1.775352077758099156e+01 1.148912529307605723e+01 1.000000000000000000e+02
2.187699999999999818e+03 1.801000661140887757e+02 1.482863659083300547e+02 4.137713175003798760e-01 4.033429280628848090e+01 1.775352077758099156e+01 1.148912529307605723e+01 1.000000000000000000e+02
2.188400000000000091e+03 1.823026814697746829e+02 1.509539008143550234e+02 4.149680007497376089e-01 4.033429280628848090e+01 1.775352077758099156e+01 1.148912529307605723e+01 1.000000000000000000e+02
2.189099999999999909e+03 1.863751290742196431e+02 1.558476860188563364e+02 4.152847134091548487e-01 4.033429280628848090e+01 1.775352077758099156e+01 1.148912529307605723e+01 1.000000000000000000e+02
2.189800000000000182e+03 1.857042160910368125e+02 1.550447302361047548e+02 4.186525501110139325e-01 4.033429280628848090e+01 1.775352077758099156e+01 1.148912529307605723e+01 1.000000000000000000e+02
2.190500000000000000e+03 1.836960767211695043e+02 1.526337482431385411e+02 4.191712338088445788e-01 4.033429280628848090e+01 1.775352077758099156e+01 1.148912529307605723e+01 1.000000000000000000e+02
2.191199999999999818e+03 1.865192382384718712e+02 1.560199946579278389e+02 4.196362409646391955e-01 4.033429280628848090e+01 1.775352077758099156e+01 1.148912529307605723e+01 1.000000000000000000e+02
2.191900000000000091e+03 1.889253324355890697e+02 1.588886205362040300e+02 4.215546277528530728e-01 4.033429280628848090e+01 1.775352077758099156e+01 1.148912529307605723e+01 1.000000000000000000e+02
2.192599999999999909e+03 1.890863040906606614e+02 1.590799889824794775e+02 4.266260938237764755e-01 4.033429280628848090e+01 1.775352077758099156e+01 1.148912529307605723e+01 1.000000000000000000e+02
2.193299999999999727e+03 1.884416034711923942e+02 1.583131403857371140e+02 4.287429990431858018e-01 4.033429280628848090e+01 1.775352077758099156e+01 1.148912529307605723e+01 1.000000000000000000e+02
2.194000000000000000e+03 1.843815794407124429e+02 1.534580702897431763e+02 4.260039879973688826e-01 4.033429280628848090e+01 1.775352077758099156e+01 1.148912529307605723e+01 1.000000000000000000e+02
2.194700000000000273e+03 1.781633223077510308e+02 1.459280025071801390e+02 4.234217338402873065e-01 4.033429280628848090e+01 1.775352077758099156e+01 1.148912529307605723e+01 1.000000000000000000e+02
2.195399999999999636e+03 1.808299539558460651e+02 1.491719971967708318e+02 4.232773574486873303e-01 4.033429280628848090e+01 1.775352077758099156e+01 1.148912529307605723e+01 1.000000000000000000e+02
2.196099999999999909e+03 1.839106832872952850e+02 1.528919616173454585e+02 4.212204954044926342e-01 4.033429280628848090e+01 1.775352077758099156e+01 1.148912529307605723e+01 1.000000000000000000e+02
2.196800000000000182e+03 1.830101429626937204e+02 1.518075259241965114e+02 4.295213455186566165e-01 4.033429280628848090e+01 1.775352077758099156e+01 1.148912529307605723e+01 1.000000000000000000e+02
2.197500000000000000e+03 1.805641280299536788e+02 1.488496450490141569e+02 4.296949225400109595e-01 4.033429280628848090e+01 1.775352077758099156e+01 1.148912529307605723e+01 1.000000000000000000e+02
2.198199999999999818e+03 1.737215328997795041e+02 1.404705787453343362e+02 4.295290046690921626e-01 4.033429280628848090e+01 1.775352077758099156e+01 1.148912529307605723e+01 1.000000000000000000e+02
2.198900000000000091e+03 1.729010423569537522e+02 1.394545909897595095e+02 4.280677192580110146e-01 4.033429280628848090e+01 1.775352077758099156e+01 1.148912529307605723e+01 1.000000000000000000e+02
2.199600000000000364e+03 1.723115826954996805e+02 1.387230839875902575e+02 4.351677248208178916e-01 4.033429280628848090e+01 1.775352077758099156e+01 1.148912529307605723e+01 1.000000000000000000e+02
2.200299999999999727e+03 1.725439364694553035e+02 1.390115912878326583e+02 4.382785991914774915e-01 4.033429280628848090e+01 1.775352077758099156e+01 1.148912529307605723e+01 1.000000000000000000e+02
2.201000000000000000e+03 1.777856972942940672e+02 1.454667201198210762e+02 4.386571553104544607e-01 4.033429280628848090e+01 1.775352077758099156e+01 1.148912529307605723e+01 1.000000000000000000e+02
2.201700000000000273e+03 1.802472860099448440e+02 1.484651360217302170e+02 4.319954654414335793e-01 4.033429280628848090e+01 1.775352077758099156e+01 1.148912529307605723e+01 1.000000000000000000e+02
2.202400000000000091e+03 1.805304874687809047e+02 1.488088351063728112e+02 4.324834479517423724e-01 4.033429280628848090e+01 1.775352077758099156e+01 1.148912529307605723e+01 1.000000000000000000e+02
2.203099999999999909e+03 1.816018864285711913e+02 1.501068208124323178e+02 4.337492232331400799e-01 4.033429280628848090e+01 1.775352077758099156e+01 1.148912529307605723e+01 1.000000000000000000e+02
2.203800000000000182e+03 1.798365268830760897e+02 1.479661748554964333e+02 4.285418904709790699e-01 4.033429280628848090e+01 1.775352077758099156e+01 1.148912529307605723e+01 1.000000000000000000e+02
2.204500000000000000e+03 1.752757394593801905e+02 1.423881924284191598e+02 4.315862827207197494e-01 4.033429280628848090e+01 1.775352077758099156e+01 1.148912529307605723e+01 1.000000000000000000e+02
2.205200000000000273e+03 1.764358957936192382e+02 1.438138999697069096e+02 4.346022615306117665e-01 4.033429280628848090e+01 1.775352077758099156e+01 1.148912529307605723e+01 1.000000000000000000e+02
2.205900000000000091e+03 1.816852359838487132e+02 1.502076478562486557e+02 4.293697758858487368e-01 4.033429280628848090e+01 1.775352077758099156e+01 1.148912529307605723e+01 1.000000000000000000e+02
2.206599999999999909e+03 1.816726588928647175e+02 1.501924348600926749e+02 4.345239577758210903e-01 4.033429280628848090e+01 1.775352077758099156e+01 1.148912529307605723e+01 1.000000000000000000e+02
2.207300000000000182e+03 1.818231375822911673e+02 1.503744189025140656e+02 4.378357730365031175e-01 4.033429280628848090e+01 1.775352077758099156e+01 1.148912529307605723e+01 1.000000000000000000e+02
2.208000000000000000e+03 1.845161492376357728e+02 1.536197312505313448e+02 4.460159419072682874e-01 4.033429280628848090e+01 1.775352077758099156e+01 1.148912529307605723e+01 1.000000000000000000e+02
2.208699999999999818e+03 1.861347110782045320e+02 1.555600950377913421e+02 4.439959135522847933e-01 4.033429280628848090e+01 1.775352077758099156e+01 1.148912529307605723e+01 1.000000000000000000e+02
2.209400000000000091e+03 1.862208409053757237e+02 1.556631429963601363e+02 4.442589440245964805e-01 4.033429280628848090e+01 1.775352077758099156e+01 1.148912529307605723e+01 1.000000000000000000e+02
2.210100000000000364e+03 1.855584245630723217e+02 1.548700791835834423e+02 4.433654936135943969e-01 4.033429280628848090e+01 1.775352077758099156e+01 1.148912529307605723e+01 1.000000000000000000e+02
2.210799999999999727e+03 1.853961413560554092e+02 1.546756015980363941e+02 4.495408025049323353e-01 4.033429280628848090e+01 1.775352077758099156e+01 1.148912529307605723e+01 1.000000000000000000e+02
2.211500000000000000e+03 1.866491728860983130e+02 1.561753061116405092e+02 4.510984824827226070e-01 4.033429280628848090e+01 1.775352077758099156e+01 1.148912529307605723e+01 1.000000000000000000e+02
2.212200000000000273e+03 1.874211014838381288e+02 1.570970457437540233e+02 4.524670479911936938e-01 4.033429280628848090e+01 1.775352077758099156e+01 1.148912529307605723e+01 1.000000000000000000e+02
2.212900000000000091e+03 1.874030852259400888e+02 1.570755514146010228e+02 4.529577595778445653e-01 4.033429280628848090e+01 1.775352077758099156e+01 1.148912529307605723e+01 1.000000000000000000e+02
2.213599999999999909e+03 1.866359524730018222e+02 1.561595058121810098e+02 4.555005711541755820e-01 4.033429280628848090e+01 1.775352077758099156e+01 1.148912529307605723e+01 1.000000000000000000e+02
2.214300000000000182e+03 1.841297453639391222e+02 1.531553969920389875e+02 4.576946888879963593e-01 4.033429280628848090e+01 1.775352077758099156e+01 1.148912529307605723e+01 1.000000000000000000e+02
2.215000000000000000e+03 1.812335469932041860e+02 1.496609870866083156e+02 4.630721804830191801e-01 4.033429280628848090e+01 1.775352077758099156e+01 1.148912529307605723e+01 1.000000000000000000e+02
2.215699999999999818e+03 1.790414963440381371e+02 1.469988772511961201e+02 4.551572723105331009e-01 4.033429280628848090e+01 1.775352077758099156e+01 1.148912529307605723e+01 1.000000000000000000e+02
2.216400000000000091e+03 1.793789795256234356e+02 1.474097377911446927e+02 4.567448140529272171e-01 4.033429280628848090e+01 1.775352077758099156e+01 1.148912529307605723e+01 1.000000000000000000e+02
2.217099999999999909e+03 1.839563659892675105e+02 1.529469093770035784e+02 4.618563133615016802e-01 4.033429280628848090e+01 1.775352077758099156e+01 1.148912529307605723e+01 1.000000000000000000e+02
2.217800000000000182e+03 1.856679037420433076e+02 1.550012354143174491e+02 4.687507713277905275e-01 4.033429280628848090e+01 1.775352077758099156e+01 1.148912529307605723e+01 1.000000000000000000e+02
2.218500000000000000e+03 1.854853199220113424e+02 1.547824809420333168e+02 4.745669509630643379e-01 4.033429280628848090e+01 1.775352077758099156e+01 1.148912529307605723e+01 1.000000000000000000e+02
2.219199999999999818e+03 1.854423030808243311e+02 1.547309286210106904e+02 4.799211783609952375e-01 4.033429280628848090e+01 1.775352077758099156e+01 1.148912529307605723e+01 1.000000000000000000e+02
2.219900000000000091e+03 1.852557892205824430e+02 1.545073459086682703e+02 4.734033150095543485e-01 4.033429280628848090e+01 1.775352077758099156e+01 1.148912529307605723e+01 1.000000000000000000e+02
2.220599999999999909e+03 1.848483164198713382e+02 1.540185462314875622e+02 4.682028930459753990e-01 4.033429280628848090e+01 1.775352077758099156e+01 1.148912529307605723e+01 1.000000000000000000e+02
2.221299999999999727e+03 1.832813142669750164e+02 1.521343243960075711e+02 4.662127238319655476e-01 4.033429280628848090e+01 1.775352077758099156e+01 1.148912529307605723e+01 1.000000000000000000e+02
2.222000000000000000e+03 1.833811861680356685e+02 1.522546286337323806e+02 4.552764456837337104e-01 4.033429280628848090e+01 1.775352077758099156e+01 1.148912529307605723e+01 1.000000000000000000e+02
2.222700000000000273e+03 1.843394572075224289e+02 1.534074573922792979e+02 4.697641478953414884e-01 4.033429280628848090e+01 1.775352077758099156e+01 1.148912529307605723e+01 1.000000000000000000e+02
2.223399999999999636e+03 1.850211697649070857e+02 1.542259568333896596e+02 4.722315048052974085e-01 4.033429280628848090e+01 1.775352077758099156e+01 1.148912529307605723e+01 1.000000000000000000e+02
2.224099999999999909e+03 1.849514960602187159e+02 1.541423640499687622e+02 4.726259812099928848e-01 4.033429280628848090e+01 1.775352077758099156e+01 1.148912529307605723e+01 1.000000000000000000e+02
2.224800000000000182e+03 1.831200855770400722e+02 1.519400481826383782e+02 4.673151559907494090e-01 4.033429280628848090e+01 1.775352077758099156e+01 1.148912529307605723e+01 1.000000000000000000e+02
2.225500000000000000e+03 1.816347098743912056e+02 1.501465295341662625e+02 4.710484293404050837e-01 4.033429280628848090e+01 1.775352077758099156e+01 1.148912529307605723e+01 1.000000000000000000e+02
2.226199999999999818e+03 1.819605523621524412e+02 1.505405430969996985e+02 4.755935718874081952e-01 4.033429280628848090e+01 1.775352077758099156e+01 1.148912529307605723e+01 1.000000000000000000e+02
2.226900000000000091e+03 1.816016356137407115e+02 1.501065173721176507e+02 4.906866372110479935e-01 4.033429280628848090e+01 1.775352077758099156e+01 1.148912529307605723e+01 1.000000000000000000e+02
2.227599999999999909e+03 1.829074881430053949e+02 1.516837556193268313e+02 4.930148028558544171e-01 4.033429280628848090e+01 1.775352077758099156e+01 1.148912529307605723e+01 1.000000000000000000e+02
2.228299999999999727e+03 1.845827367595202304e+02 1.536997046504460229e+02 4.935745009215816714e-01 4.033429280628848090e+01 1.775352077758099156e+01 1.148912529307605723e+01 1.000000000000000000e+02
2.229000000000000000e+03 1.854782076185226742e+02 1.547739577622146498e+02 4.837818850203111642e-01 4.033429280628848090e+01 1.775352077758099156e+01 1.148912529307605723e+01 1.000000000000000000e+02
2.229699999999999818e+03 1.858151517456197155e+02 1.551775857469360176e+02 4.692101295044445730e-01 4.033429280628848090e+01 1.775352077758099156e+01 1.148912529307605723e+01 1.000000000000000000e+02
2.230400000000000091e+03 1.849155473214654819e+02 1.540992282303747913e+02 4.711847929493869214e-01 4.033429280628848090e+01 1.775352077758099156e+01 1.148912529307605723e+01 1.000000000000000000e+02
2.231099999999999909e+03 1.828413091678738738e+02 1.516039473042243628e+02 4.796325123142393121e-01 4.033429280628848090e+01 1.775352077758099156e+01 1.148912529307605723e+01 1.000000000000000000e+02
2.231799999999999727e+03 1.809343190706696305e+02 1.492984940231042117e+02 4.855355212978932911e-01 4.033429280628848090e+01 1.775352077758099156e+01 1.148912529307605723e+01 1.000000000000000000e+02
2.232500000000000000e+03 1.810198323509975182e+02 1.494021157962069992e+02 4.896136760721486181e-01 4.033429280628848090e+01 1.775352077758099156e+01 1.148912529307605723e+01 1.000000000000000000e+02
2.233200000000000273e+03 1.822478242978546632e+02 1.508876468147797425e+02 4.937785397230901596e-01 4.033429280628848090e+01 1.775352077758099156e+01 1.148912529307605723e+01 1.000000000000000000e+02
2.233900000000000091e+03 1.828497355146144798e+02 1.516141097581767667e+02 5.020730645229706246e-01 4.033429280628848090e+01 1.775352077758099156e+01 1.148912529307605723e+01 1.000000000000000000e+02
2.234599999999999909e+03 1.834522217276345373e+02 1.523401790625348724e+02 5.034878232186749125e-01 4.033429280628848090e+01 1.775352077758099156e+01 1.148912529307605723e+01 1.000000000000000000e+02
2.235300000000000182e+03 1.823090193730087663e+02 1.509615548566855807e+02 5.040765796323032344e-01 4.033429280628848090e+01 1.775352077758099156e+01 1.148912529307605723e+01 1.000000000000000000e+02
2.236000000000000000e+03 1.801039158031148872e+02 1.482910414948101163e+02 4.982334445512498489e-01 4.033429280628848090e+01 1.775352077758099156e+01 1.148912529307605723e+01 1.000000000000000000e+02
2.236699999999999818e+03 1.802890802805886210e+02 1.485158744660668617e+02 4.993988247356399013e-01 4.033429280628848090e+01 1.775352077758099156e+01 1.148912529307605723e+01 1.000000000000000000e+02
2.237400000000000091e+03 1.809875214276141264e+02 1.493629653311391792e+02 5.013636026413815783e-01 4.033429280628848090e+01 1.775352077758099156e+01 1.148912529307605723e+01 1.000000000000000000e+02
2.238100000000000364e+03 1.817503239264515003e+02 1.502863691336311547e+02 5.045137992982761110e-01 4.033429280628848090e+01 1.775352077758099156e+01 1.148912529307605723e+01 1.000000000000000000e+02
2.238799999999999727e+03 1.833239691886003300e+02 1.521857095100025674e+02 5.139254547828300268e-01 4.033429280628848090e+01 1.775352077758099156e+01 1.148912529307605723e+01 1.000000000000000000e+02
2.239500000000000000e+03 1.829171053788431323e+02 1.516953524013666197e+02 5.209780813427046242e-01 4.033429280628848090e+01 1.775352077758099156e+01 1.148912529307605723e+01 1.000000000000000000e+02
2.240200000000000273e+03 1.812347943426045163e+02 1.496624975750643785e+02 5.278074707784430331e-01 4.033429280628848090e+01 1.775352077758099156e+01 1.148912529307605723e+01 1.000000000000000000e+02
2.240900000000000091e+03 1.804657533832135528e+02 1.487302949777578363e+02 5.312725738391985697e-01 4.033429280628848090e+01 1.775352077758099156e+01 1.148912529307605723e+01 1.000000000000000000e+02
2.241599999999999909e+03 1.808139396292889671e+02 1.491525838336840764e+02 5.349211421408330835e-01 4.033429280628848090e+01 1.775352077758099156e+01 1.148912529307605723e+01 1.000000000000000000e+02
2.242300000000000182e+03 1.817852485262686741e+02 1.503286036712816269e+02 5.355550958951212914e-01 4.033429280628848090e+01 1.775352077758099156e+01 1.148912529307605723e+01 1.000000000000000000e+02
2.243000000000000000e+03 1.809246437892174129e+02 1.492867684366407843e+02 5.213236751671314062e-01 4.033429280628848090e+01 1.775352077758099156e+01 1.148912529307605723e+01 1.000000000000000000e+02
2.243699999999999818e+03 1.784963966544848120e+02 1.463344666120568434e+02 5.210821996114677335e-01 4.033429280628848090e+01 1.775352077758099156e+01 1.148912529307605723e+01 1.000000000000000000e+02
2.244400000000000091e+03 1.795318755734297440e+02 1.475957548404203123e+02 5.239741402020684502e-01 4.033429280628848090e+01 1.775352077758099156e+01 1.148912529307605723e+01 1.000000000000000000e+02
2.245099999999999909e+03 1.817646669042589735e+02 1.503037146407773150e+02 5.301459751426812472e-01 4.033429280628848090e+01 1.775352077758099156e+01 1.148912529307605723e+01 1.000000000000000000e+02
2.245800000000000182e+03 1.793702782386413332e+02 1.473991493035411224e+02 5.403436312672781350e-01 4.033429280628848090e+01 1.775352077758099156e+01 1.148912529307605723e+01 1.000000000000000000e+02
2.246500000000000000e+03 1.753807442389522748e+02 1.425174303368145559e+02 5.407534925877370835e-01 4.033429280628848090e+01 1.775352077758099156e+01 1.148912529307605723e+01 1.000000000000000000e+02
2.247199999999999818e+03 1.749148960995862865e+02 1.419437683645501522e+02 5.409951840301127080e-01 4.033429280628848090e+01 1.775352077758099156e+01 1.148912529307605723e+01 1.000000000000000000e+02
2.247900000000000091e+03 1.794558007450340824e+02 1.475032098669089180e+02 5.464490500198875278e-01 4.033429280628848090e+01 1.775352077758099156e+01 1.148912529307605723e+01 1.000000000000000000e+02
2.248600000000000364e+03 1.820344818194869276e+02 1.506298943479982597e+02 5.475109146280836558e-01 4.033429280628848090e+01 1.775352077758099156e+01 1.148912529307605723e+01 1.000000000000000000e+02
2.249299999999999727e+03 1.813320590866603368e+02 1.497802662322646086e+02 5.485004096361735249e-01 4.033429280628848090e+01 1.775352077758099156e+01 1.148912529307605723e+01 1.000000000000000000e+02
2.250000000000000000e+03 1.799247641495476557e+02 1.480734049526462002e+02 5.459430302702950044e-01 4.033429280628848090e+01 1.775352077758099156e+01 1.148912529307605723e+01 1.000000000000000000e+02
2.250700000000000273e+03 1.793595381668870630e+02 1.473860795035915885e+02 5.496311570870152652e-01 4.033429280628848090e+01 1.775352077758099156e+01 1.148912529307605723e+01 1.000000000000000000e+02
2.251399999999999636e+03 1.802947537563569256e+02 1.485227616632056140e+02 5.539084204131515810e-01 4.033429280628848090e+01 1.775352077758099156e+01 1.148912529307605723e+01 1.000000000000000000e+02
2.252099999999999909e+03 1.800557564819201843e+02 1.482325468386634100e+02 5.630142431503681877e-01 4.033429280628848090e+01 1.775352077758099156e+01 1.148912529307605723e+01 1.000000000000000000e+02
2.252800000000000182e+03 1.790034659723622781e+02 1.469525546906846216e+02 5.615253445468331162e-01 4.033429280628848090e+01 1.775352077758099156e+01 1.148912529307605723e+01 1.000000000000000000e+02
2.253500000000000000e+03 1.771549648653727047e+02 1.446951764104506424e+02 5.633979004875351304e-01 4.033429280628848090e+01 1.775352077758099156e+01 1.148912529307605723e+01 1.000000000000000000e+02
2.254199999999999818e+03 1.763632673794826360e+02 1.437247876351427465e+02 5.651381540074951193e-01 4.033429280628848090e+01 1.775352077758099156e+01 1.148912529307605723e+01 1.000000000000000000e+02
2.254900000000000091e+03 1.775461550730170757e+02 1.451738601856816047e+02 5.594870767299338077e-01 4.033429280628848090e+01 1.775352077758099156e+01 1.148912529307605723e+01 1.000000000000000000e+02
2.255599999999999909e+03 1.766597086066380200e+02 1.440883935123931394e+02 5.579663915018157061e-01 4.033429280628848090e+01 1.775352077758099156e+01 1.148912529307605723e+01 1.000000000000000000e+02
2.256300000000000182e+03 1.750486748984512531e+02 1.421085890567620709e+02 5.581575112455278154e-01 4.033429280628848090e+01 1.775352077758099156e+01 1.148912529307605723e+01 1.000000000000000000e+02
2.257000000000000000e+03 1.746394736258691580e+02 1.416042310396149446e+02 5.545116663542147828e-01 4.033429280628848090e+01 1.775352077758099156e+01 1.148912529307605723e+01 1.000000000000000000e+02
2.257699999999999818e+03 1.767687112776761751e+02 1.442220156105524609e+02 5.556320369538767512e-01 4.033429280628848090e+01 1.775352077758099156e+01 1.148912529307605723e+01 1.000000000000000000e+02
2.258400000000000091e+03 1.786421582307776248e+02 1.465122288321018971e+02 5.578228982888114862e-01 4.033429280628848090e+01 1.775352077758099156e+01 1.148912529307605723e+01 1.000000000000000000e+02
2.259099999999999909e+03 1.799783821408868221e+02 1.481385518291949666e+02 5.613471023409447591e-01 4.033429280628848090e+01 1.775352077758099156e+01 1.148912529307605723e+01 1.000000000000000000e+02
2.259799999999999727e+03 1.788500409053210660e+02 1.467656282371148961e+02 5.613835550827491749e-01 4.033429280628848090e+01 1.775352077758099156e+01 1.148912529307605723e+01 1.000000000000000000e+02
2.260500000000000000e+03 1.757608709956402322e+02 1.429849512121680846e+02 5.663068856151867170e-01 4.033429280628848090e+01 1.775352077758099156e+01 1.148912529307605723e+01 1.000000000000000000e+02
2.261200000000000273e+03 1.722306197851002878e+02 1.386225049966987797e+02 5.713360560651208342e-01 4.033429280628848090e+01 1.775352077758099156e+01 1.148912529307605723e+01 1.000000000000000000e+02
2.261899999999999636e+03 1.715052825547553539e+02 1.377202760823055883e+02 5.744629702339558719e-01 4.033429280628848090e+01 1.775352077758099156e+01 1.148912529307605723e+01 1.000000000000000000e+02
2.262599999999999909e+03 1.751550854183185209e+02 1.422396444311446260e+02 5.783611501137841948e-01 4.033429280628848090e+01 1.775352077758099156e+01 1.148912529307605723e+01 1.000000000000000000e+02
2.263300000000000182e+03 1.766332070300881867e+02 1.440559000032070571e+02 5.804405889729598034e-01 4.033429280628848090e+01 1.775352077758099156e+01 1.148912529307605723e+01 1.000000000000000000e+02
2.264000000000000000e+03 1.746361240022743004e+02 1.416000999524284509e+02 5.790424660820769898e-01 4.033429280628848090e+01 1.775352077758099156e+01 1.148912529307605723e+01 1.000000000000000000e+02
2.264699999999999818e+03 1.738439869540232507e+02 1.406219908124991775e+02 5.717944245341978204e-01 4.033429280628848090e+01 1.775352077758099156e+01 1.148912529307605723e+01 1.000000000000000000e+02
2.265400000000000091e+03 1.770626293310132837e+02 1.445821123293328014e+02 5.714687734404150232e-01 4.033429280628848090e+01 1.775352077758099156e+01 1.148912529307605723e+01 1.000000000000000000e+02
2.266099999999999909e+03 1.803715814876346712e+02 1.486160149793770699e+02 5.716295576250136623e-01 4.033429280628848090e+01 1.775352077758099156e+01 1.148912529307605723e+01 1.000000000000000000e+02
2.266799999999999727e+03 1.797214537145967768e+02 1.478262947695299374e+02 5.751078545408289111e-01 4.033429280628848090e+01 1.775352077758099156e+01 1.148912529307605723e+01 1.000000000000000000e+02
2.267500000000000000e+03 1.759004516437649670e+02 1.431564926522038377e+02 5.799220068952684048e-01 4.033429280628848090e+01 1.775352077758099156e+01 1.148912529307605723e+01 1.000000000000000000e+02
2.268200000000000273e+03 1.695411585832466983e+02 1.352664664791300311e+02 5.844623455765699527e-01 4.033429280628848090e+01 1.775352077758099156e+01 1.148912529307605723e+01 1.000000000000000000e+02
2.268900000000000091e+03 1.684484211686080357e+02 1.338942982139148512e+02 5.797149302641526614e-01 4.033429280628848090e+01 1.775352077758099156e+01 1.148912529307605723e+01 1.000000000000000000e+02
2.269599999999999909e+03 1.740656626330634253e+02 1.408959453209617720e+02 5.815009167873713691e-01 4.033429280628848090e+01 1.775352077758099156e+01 1.148912529307605723e+01 1.000000000000000000e+02
2.270300000000000182e+03 1.760496902725801647e+02 1.433398267930843133e+02 5.824022047928132384e-01 4.033429280628848090e+01 1.775352077758099156e+01 1.148912529307605723e+01 1.000000000000000000e+02
2.271000000000000000e+03 1.775717962731973216e+02 1.452052179905732316e+02 5.759499322281455003e-01 4.033429280628848090e+01 1.775352077758099156e+01 1.148912529307605723e+01 1.000000000000000000e+02
2.271700000000000273e+03 1.763578143326497809e+02 1.437180962029116813e+02 5.746821248655998859e-01 4.033429280628848090e+01 1.775352077758099156e+01 1.148912529307605723e+01 1.000000000000000000e+02
2.272400000000000091e+03 1.741904531489662418e+02 1.410500849636121359e+02 5.766161294706237950e-01 4.033429280628848090e+01 1.775352077758099156e+01 1.148912529307605723e+01 1.000000000000000000e+02
2.273099999999999909e+03 1.765065937954480546e+02 1.439006259655297697e+02 5.800499347747400947e-01 4.033429280628848090e+01 1.775352077758099156e+01 1.148912529307605723e+01 1.000000000000000000e+02
2.273800000000000182e+03 1.786873596649726323e+02 1.465673394861190957e+02 5.791036086637458835e-01 4.033429280628848090e+01 1.775352077758099156e+01 1.148912529307605723e+01 1.000000000000000000e+02
2.274500000000000000e+03 1.769214988644572770e+02 1.444092422957968438e+02 5.792684817272523157e-01 4.033429280628848090e+01 1.775352077758099156e+01 1.148912529307605723e+01 1.000000000000000000e+02
2.275199999999999818e+03 1.703454115671794113e+02 1.362731512147265960e+02 5.788164222829026428e-01 4.033429280628848090e+01 1.775352077758099156e+01 1.148912529307605723e+01 1.000000000000000000e+02
2.275900000000000091e+03 1.674651933664136152e+02 1.326552052851689041e+02 5.837342037098152137e-01 4.033429280628848090e+01 1.775352077758099156e+01 1.148912529307605723e+01 1.000000000000000000e+02
2.276600000000000364e+03 1.710646104891330879e+02 1.371711101573462486e+02 5.854570536947637516e-01 4.033429280628848090e+01 1.775352077758099156e+01 1.148912529307605723e+01 1.000000000000000000e+02
2.277299999999999727e+03 1.746411056284861445e+02 1.416062437717350520e+02 5.868013077546084810e-01 4.033429280628848090e+01 1.775352077758099156e+01 1.148912529307605723e+01 1.000000000000000000e+02
2.278000000000000000e+03 1.775183490861760163e+02 1.451398524261391287e+02 5.851969420378290154e-01 4.033429280628848090e+01 1.775352077758099156e+01 1.148912529307605723e+01 1.000000000000000000e+02
2.278700000000000273e+03 1.792353309448432412e+02 1.472349019726894710e+02 5.828075393738479937e-01 4.033429280628848090e+01 1.775352077758099156e+01 1.148912529307605723e+01 1.000000000000000000e+02
2.279400000000000091e+03 1.799777412872959985e+02 1.481377732345023617e+02 5.879683436949544317e-01 4.033429280628848090e+01 1.775352077758099156e+01 1.148912529307605723e+01 1.000000000000000000e+02
2.280099999999999909e+03 1.770560054837478674e+02 1.445740003522796542e+02 6.016352841731730239e-01 4.033429280628848090e+01 1.775352077758099156e+01 1.148912529307605723e+01 1.000000000000000000e+02
2.280800000000000182e+03 1.739037563401949456e+02 1.406958740305837523e+02 6.020639666383367228e-01 4.033429280628848090e+01 1.775352077758099156e+01 1.148912529307605723e+01 1.000000000000000000e+02
2.281500000000000000e+03 1.756305654527230615e+02 1.428247458294368641e+02 6.064009903617354480e-01 4.033429280628848090e+01 1.775352077758099156e+01 1.148912529307605723e+01 1.000000000000000000e+02
2.282199999999999818e+03 1.737535984936239686e+02 1.405102326860342430e+02 6.109828609376425357e-01 4.033429280628848090e+01 1.775352077758099156e+01 1.148912529307605723e+01 1.000000000000000000e+02
2.282900000000000091e+03 1.681541709882808675e+02 1.335239219044887022e+02 6.184388432346102915e-01 4.033429280628848090e+01 1.775352077758099156e+01 1.148912529307605723e+01 1.000000000000000000e+02
2.283599999999999909e+03 1.690073415000064188e+02 1.345967829515244603e+02 6.191384501467083190e-01 4.033429280628848090e+01 1.775352077758099156e+01 1.148912529307605723e+01 1.000000000000000000e+02
2.284300000000000182e+03 1.723161511144710119e+02 1.387287584998337877e+02 6.180729631748426156e-01 4.033429280628848090e+01 1.775352077758099156e+01 1.148912529307605723e+01 1.000000000000000000e+02
2.285000000000000000e+03 1.739923519289226306e+02 1.408053657704778914e+02 5.951024768987741576e-01 4.033429280628848090e+01 1.775352077758099156e+01 1.148912529307605723e+01 1.000000000000000000e+02
2.285699999999999818e+03 1.750984865284763430e+02 1.421699422682692386e+02 6.043284801682281548e-01 4.033429280628848090e+01 1.775352077758099156e+01 1.148912529307605723e+01 1.000000000000000000e+02
2.286400000000000091e+03 1.769870595469732848e+02 1.444895558408422289e+02 6.067147098913597825e-01 4.033429280628848090e+01 1.775352077758099156e+01 1.148912529307605723e+01 1.000000000000000000e+02
2.287099999999999909e+03 1.770309362900536030e+02 1.445432976783531842e+02 6.079078061579501480e-01 4.033429280628848090e+01 1.775352077758099156e+01 1.148912529307605723e+01 1.000000000000000000e+02
2.287799999999999727e+03 1.770013273737658324e+02 1.445070323274096893e+02 6.114010611731156564e-01 4.033429280628848090e+01 1.775352077758099156e+01 1.148912529307605723e+01 1.000000000000000000e+02
2.288500000000000000e+03 1.760905218649993458e+02 1.433899731176758792e+02 6.163488283179198168e-01 4.033429280628848090e+01 1.775352077758099156e+01 1.148912529307605723e+01 1.000000000000000000e+02
2.289200000000000273e+03 1.710076445590180185e+02 1.371000619898599666e+02 6.212119196765970575e-01 4.033429280628848090e+01 1.775352077758099156e+01 1.148912529307605723e+01 1.000000000000000000e+02
2.289899999999999636e+03 1.666396039025462699e+02 1.316114360106959396e+02 6.221093915468652868e-01 4.033429280628848090e+01 1.775352077758099156e+01 1.148912529307605723e+01 1.000000000000000000e+02
2.290599999999999909e+03 1.693657974908908841e+02 1.350466062503070077e+02 6.276168344482315753e-01 4.033429280628848090e+01 1.775352077758099156e+01 1.148912529307605723e+01 1.000000000000000000e+02
2.291300000000000182e+03 1.699379153260305202e+02 1.357634249912586597e+02 6.306847577847488617e-01 4.033429280628848090e+01 1.775352077758099156e+01 1.148912529307605723e+01 1.000000000000000000e+02
2.292000000000000000e+03 1.685734985194095543e+02 1.340516202926073390e+02 6.331989178219902259e-01 4.033429280628848090e+01 1.775352077758099156e+01 1.148912529307605723e+01 1.000000000000000000e+02
2.292699999999999818e+03 1.705038875229645896e+02 1.364711990144578238e+02 6.222871607503630553e-01 4.033429280628848090e+01 1.775352077758099156e+01 1.148912529307605723e+01 1.000000000000000000e+02
2.293400000000000091e+03 1.720284874869387579e+02 1.383712867868325134e+02 6.181806869794352899e-01 4.033429280628848090e+01 1.775352077758099156e+01 1.148912529307605723e+01 1.000000000000000000e+02
2.294099999999999909e+03 1.693052618284360165e+02 1.349706789743434285e+02 6.057375206077028063e-01 4.033429280628848090e+01 1.775352077758099156e+01 1.148912529307605723e+01 1.000000000000000000e+02
2.294799999999999727e+03 1.640579283648770854e+02 1.283269899879800846e+02 6.149513273826934245e-01 4.033429280628848090e+01 1.775352077758099156e+01 1.148912529307605723e+01 1.000000000000000000e+02
2.295500000000000000e+03 1.607457167373601123e+02 1.240644910899473246e+02 6.134882872375950758e-01 4.033429280628848090e+01 1.775352077758099156e+01 1.148912529307605723e+01 1.000000000000000000e+02
2.296199999999999818e+03 1.654582682084079011e+02 1.301124552782147816e+02 6.127013036462876094e-01 4.033429280628848090e+01 1.775352077758099156e+01 1.148912529307605723e+01 1.000000000000000000e+02
2.296900000000000091e+03 1.722387971157958759e+02 1.386326647363322309e+02 6.133861054368812127e-01 4.033429280628848090e+01 1.775352077758099156e+01 1.148912529307605723e+01 1.000000000000000000e+02
2.297599999999999909e+03 1.725986513443820343e+02 1.390794986541853575e+02 6.234453192504004759e-01 4.033429280628848090e+01 1.775352077758099156e+01 1.148912529307605723e+01 1.000000000000000000e+02
2.298299999999999727e+03 1.666478760850168896e+02 1.316219096641860062e+02 6.282887932964217326e-01 4.033429280628848090e+01 1.775352077758099156e+01 1.148912529307605723e+01 1.000000000000000000e+02
2.299000000000000000e+03 1.654926194554822700e+02 1.301561354459983590e+02 6.340440262137853056e-01 4.033429280628848090e+01 1.775352077758099156e+01 1.148912529307605723e+01 1.000000000000000000e+02
2.299700000000000273e+03 1.667399581630725152e+02 1.317384763393868070e+02 6.400652084118200191e-01 4.033429280628848090e+01 1.775352077758099156e+01 1.148912529307605723e+01 1.000000000000000000e+02
2.300399999999999636e+03 1.658958074559871818e+02 1.306684025748917293e+02 6.438612641599285036e-01 4.033429280628848090e+01 1.775352077758099156e+01 1.148912529307605723e+01 1.000000000000000000e+02
2.301099999999999909e+03 1.689370068759000105e+02 1.345084562107077488e+02 6.504697599716772194e-01 4.033429280628848090e+01 1.775352077758099156e+01 1.148912529307605723e+01 1.000000000000000000e+02
2.301800000000000182e+03 1.718770892651995155e+02 1.381830174597347707e+02 6.507351304278438109e-01 4.033429280628848090e+01 1.775352077758099156e+01 1.148912529307605723e+01 1.000000000000000000e+02
2.302500000000000000e+03 1.709647948180733579e+02 1.370466109292233625e+02 6.521189883725461156e-01 4.033429280628848090e+01 1.775352077758099156e+01 1.148912529307605723e+01 1.000000000000000000e+02
2.303199999999999818e+03 1.686184381934696717e+02 1.341081287573760505e+02 6.534140177374178071e-01 4.033429280628848090e+01 1.775352077758099156e+01 1.148912529307605723e+01 1.000000000000000000e+02
2.303900000000000091e+03 1.659512699664435047e+02 1.307388102419301390e+02 6.509735176704154469e-01 4.033429280628848090e+01 1.775352077758099156e+01 1.148912529307605723e+01 1.000000000000000000e+02
2.304600000000000364e+03 1.669124171788791955e+02 1.319566880021478994e+02 6.470621176683510889e-01 4.033429280628848090e+01 1.775352077758099156e+01 1.148912529307605723e+01 1.000000000000000000e+02
2.305299999999999727e+03 1.696717037308411022e+02 1.354300540756235307e+02 6.451465582296509460e-01 4.033429280628848090e+01 1.775352077758099156e+01 1.148912529307605723e+01 1.000000000000000000e+02
2.306000000000000000e+03 1.710945245463589686e+02 1.372084138445767110e+02 6.399993717473301258e-01 4.033429280628848090e+01 1.775352077758099156e+01 1.148912529307605723e+01 1.000000000000000000e+02
2.306700000000000273e+03 1.712484738814632692e+02 1.374003359047211745e+02 6.508998227056210784e-01 4.033429280628848090e+01 1.775352077758099156e+01 1.148912529307605723e+01 1.000000000000000000e+02
2.307400000000000091e+03 1.706722525687740983e+02 1.366814921520079906e+02 6.575870748331156257e-01 4.033429280628848090e+01 1.775352077758099156e+01 1.148912529307605723e+01 1.000000000000000000e+02
2.308099999999999909e+03 1.725314597032562745e+02 1.389961045761223488e+02 6.714654821532823892e-01 4.033429280628848090e+01 1.775352077758099156e+01 1.148912529307605723e+01 1.000000000000000000e+02
2.308800000000000182e+03 1.739124710370663252e+02 1.407066454799432336e+02 6.742082716275928922e-01 4.033429280628848090e+01 1.775352077758099156e+01 1.148912529307605723e+01 1.000000000000000000e+02
2.309500000000000000e+03 1.729402727221044813e+02 1.395032273074564841e+02 6.790460851052525504e-01 4.033429280628848090e+01 1.775352077758099156e+01 1.148912529307605723e+01 1.000000000000000000e+02
2.310199999999999818e+03 1.746584080696512160e+02 1.416275820927011750e+02 6.839441593308204226e-01 4.033429280628848090e+01 1.775352077758099156e+01 1.148912529307605723e+01 1.000000000000000000e+02
2.310900000000000091e+03 1.766469465322991823e+02 1.440727462748765788e+02 6.882701693863032544e-01 4.033429280628848090e+01 1.775352077758099156e+01 1.148912529307605723e+01 1.000000000000000000e+02
2.311599999999999909e+03 1.757744380581362691e+02 1.430016278741384781e+02 6.813108218000093474e-01 4.033429280628848090e+01 1.775352077758099156e+01 1.148912529307605723e+01 1.000000000000000000e+02
2.312300000000000182e+03 1.760978379329305596e+02 1.433989575438143902e+02 6.803041674940405459e-01 4.033429280628848090e+01 1.775352077758099156e+01 1.148912529307605723e+01 1.000000000000000000e+02
2.313000000000000000e+03 1.782467977786210156e+02 1.460299059040052043e+02 6.823024217929311019e-01 4.033429280628848090e+01 1.775352077758099156e+01 1.148912529307605723e+01 1.000000000000000000e+02
2.313699999999999818e+03 1.787871520193269248e+02 1.466889846824972778e+02 6.894746984443149707e-01 4.033429280628848090e+01 1.775352077758099156e+01 1.148912529307605723e+01 1.000000000000000000e+02
2.314400000000000091e+03 1.778195550490696633e+02 1.455080982552143496e+02 6.898892753766253660e-01 4.033429280628848090e+01 1.775352077758099156e+01 1.148912529307605723e+01 1.000000000000000000e+02
2.315100000000000364e+03 1.746470308680875121e+02 1.416135512267053969e+02 6.839867373734815903e-01 4.033429280628848090e+01 1.775352077758099156e+01 1.148912529307605723e+01 1.000000000000000000e+02
2.315799999999999727e+03 1.661343457098693932e+02 1.309711163747427349e+02 6.878580022889216883e-01 4.033429280628848090e+01 1.775352077758099156e+01 1.148912529307605723e+01 1.000000000000000000e+02
2.316500000000000000e+03 1.525988795422613293e+02 1.133103284681214831e+02 6.961092467214795576e-01 4.033429280628848090e+01 1.775352077758099156e+01 1.148912529307605723e+01 1.000000000000000000e+02
2.317200000000000273e+03 1.467459993855250104e+02 1.052957778624409428e+02 7.045501077853598693e-01 4.033429280628848090e+01 1.775352077758099156e+01 1.148912529307605723e+01 1.000000000000000000e+02
2.317899999999999636e+03 1.501955966815893930e+02 1.100523955329399826e+02 7.146878462551938815e-01 4.033429280628848090e+01 1.775352077758099156e+01 1.148912529307605723e+01 1.000000000000000000e+02
2.318599999999999909e+03 1.568321369479807288e+02 1.189501226551287800e+02 7.149922188065784834e-01 4.033429280628848090e+01 1.775352077758099156e+01 1.148912529307605723e+01 1.000000000000000000e+02
2.319300000000000182e+03 1.628435770257226523e+02 1.267708289731216951e+02 7.164590306552320875e-01 4.033429280628848090e+01 1.775352077758099156e+01 1.148912529307605723e+01 1.000000000000000000e+02
2.320000000000000000e+03 1.653870530857670360e+02 1.300218821137208352e+02 7.190680369588239307e-01 4.033429280628848090e+01 1.775352077758099156e+01 1.148912529307605723e+01 1.000000000000000000e+02
2.320699999999999818e+03 1.662592382340712618e+02 1.311295039194980916e+02 7.207520173729264901e-01 4.033429280628848090e+01 1.775352077758099156e+01 1.148912529307605723e+01 1.000000000000000000e+02
2.321400000000000091e+03 1.627878484759857258e+02 1.266992348494673877e+02 7.200774122835895685e-01 4.033429280628848090e+01 1.775352077758099156e+01 1.148912529307605723e+01 1.000000000000000000e+02
2.322099999999999909e+03 1.561702029518446295e+02 1.180760127630516507e+02 7.137420361271293867e-01 4.033429280628848090e+01 1.775352077758099156e+01 1.148912529307605723e+01 1.000000000000000000e+02
2.322800000000000182e+03 1.541655907681875419e+02 1.154116193323023793e+02 7.075222750086386236e-01 4.033429280628848090e+01 1.775352077758099156e+01 1.148912529307605723e+01 1.000000000000000000e+02
2.323500000000000000e+03 1.592743639657219603e+02 1.221520999274481056e+02 7.150556041805896657e-01 4.033429280628848090e+01 1.775352077758099156e+01 1.148912529307605723e+01 1.000000000000000000e+02
2.324199999999999818e+03 1.673680006593149301e+02 1.325324871293693150e+02 7.229353468499137847e-01 4.033429280628848090e+01 1.775352077758099156e+01 1.148912529307605723e+01 1.000000000000000000e+02
2.324900000000000091e+03 1.703588710556235242e+02 1.362899755937558552e+02 7.273778684110911996e-01 4.033429280628848090e+01 1.775352077758099156e+01 1.148912529307605723e+01 1.000000000000000000e+02
2.325599999999999909e+03 1.696001782363249788e+02 1.353404335658534876e+02 7.307445317015384134e-01 4.033429280628848090e+01 1.775352077758099156e+01 1.148912529307605723e+01 1.000000000000000000e+02
2.326299999999999727e+03 1.708340894175028666e+02 1.368835220437703697e+02 7.340195433000499259e-01 4.033429280628848090e+01 1.775352077758099156e+01 1.148912529307605723e+01 1.000000000000000000e+02
2.327000000000000000e+03 1.723790922587381260e+02 1.388069304751983566e+02 7.388742082347985463e-01 4.033429280628848090e+01 1.775352077758099156e+01 1.148912529307605723e+01 1.000000000000000000e+02
2.327700000000000273e+03 1.710269415187832180e+02 1.371241307183724416e+02 7.434916484501626899e-01 4.033429280628848090e+01 1.775352077758099156e+01 1.148912529307605723e+01 1.000000000000000000e+02
2.328399999999999636e+03 1.668805696229780438e+02 1.319164016250049940e+02 7.464932316772588949e-01 4.033429280628848090e+01 1.775352077758099156e+01 1.148912529307605723e+01 1.000000000000000000e+02
2.329099999999999909e+03 1.677888194163222693e+02 1.330635202492524058e+02 7.508015681841146982e-01 4.033429280628848090e+01 1.775352077758099156e+01 1.148912529307605723e+01 1.000000000000000000e+02
2.329800000000000182e+03 1.707418321954010025e+02 1.367683653534050165e+02 7.616500201204065013e-01 4.033429280628848090e+01 1.775352077758099156e+01 1.148912529307605723e+01 1.000000000000000000e+02
2.330500000000000000e+03 1.689895587061992899e+02 1.345744531912204138e+02 7.649747161002372620e-01 4.033429280628848090e+01 1.775352077758099156e+01 1.148912529307605723e+01 1.000000000000000000e+02
2.331199999999999818e+03 1.649018650784886120e+02 1.294041637906758524e+02 7.677891417478834857e-01 4.033429280628848090e+01 1.775352077758099156e+01 1.148912529307605723e+01 1.000000000000000000e+02
2.331900000000000091e+03 1.647727478902639575e+02 1.292395873844716618e+02 7.632495014388837040e-01 4.033429280628848090e+01 1.775352077758099156e+01 1.148912529307605723e+01 1.000000000000000000e+02
2.332599999999999909e+03 1.685404804527849194e+02 1.340100968257823979e+02 7.550271521162440491e-01 4.033429280628848090e+01 1.775352077758099156e+01 1.148912529307605723e+01 1.000000000000000000e+02
2.333299999999999727e+03 1.704026439999706781e+02 1.363446866664804702e+02 7.534714860562368166e-01 4.033429280628848090e+01 1.775352077758099156e+01 1.148912529307605723e+01 1.000000000000000000e+02
2.334000000000000000e+03 1.684216623093275018e+02 1.338606321329656339e+02 7.529788511213852953e-01 4.033429280628848090e+01 1.775352077758099156e+01 1.148912529307605723e+01 1.000000000000000000e+02
2.334700000000000273e+03 1.647871420302639933e+02 1.292579385511868679e+02 7.647640006862772566e-01 4.033429280628848090e+01 1.775352077758099156e+01 1.148912529307605723e+01 1.000000000000000000e+02
2.335400000000000091e+03 1.639482575765357808e+02 1.281867530690364276e+02 7.662496395182016862e-01 4.033429280628848090e+01 1.775352077758099156e+01 1.148912529307605723e+01 1.000000000000000000e+02
2.336099999999999909e+03 1.665707182300575653e+02 1.315242056492919289e+02 7.698128849171685939e-01 4.033429280628848090e+01 1.775352077758099156e+01 1.148912529307605723e+01 1.000000000000000000e+02
2.336800000000000182e+03 1.692417905150173851e+02 1.348910529157846838e+02 7.720280542263645573e-01 4.033429280628848090e+01 1.775352077758099156e+01 1.148912529307605723e+01 1.000000000000000000e+02
2.337500000000000000e+03 1.681292273456643613e+02 1.334925076094163785e+02 7.766638248652047993e-01 4.033429280628848090e+01 1.775352077758099156e+01 1.148912529307605723e+01 1.000000000000000000e+02
2.338200000000000273e+03 1.614385829741306964e+02 1.249609081780989612e+02 7.817371724379016396e-01 4.033429280628848090e+01 1.775352077758099156e+01 1.148912529307605723e+01 1.000000000000000000e+02
2.338900000000000091e+03 1.565769492293769645e+02 1.186134626843803517e+02 7.965477161762137825e-01 4.033429280628848090e+01 1.775352077758099156e+01 1.148912529307605723e+01 1.000000000000000000e+02
2.339599999999999909e+03 1.535989434441712831e+02 1.146535997130736604e+02 7.981675976409685624e-01 4.033429280628848090e+01 1.775352077758099156e+01 1.148912529307605723e+01 1.000000000000000000e+02
2.340300000000000182e+03 1.494416805578804599e+02 1.090212290701384035e+02 8.002459223669160515e-01 4.033429280628848090e+01 1.775352077758099156e+01 1.148912529307605723e+01 1.000000000000000000e+02
2.341000000000000000e+03 1.496921513823951955e+02 1.093643117542917764e+02 8.037479063743159236e-01 4.033429280628848090e+01 1.775352077758099156e+01 1.148912529307605723e+01 1.000000000000000000e+02
2.341699999999999818e+03 1.517083770349399003e+02 1.121081806228942241e+02 8.035411480551919450e-01 4.033429280628848090e+01 1.775352077758099156e+01 1.148912529307605723e+01 1.000000000000000000e+02
2.342400000000000091e+03 1.578624686817486236e+02 1.203053262257996039e+02 8.007646281918192610e-01 4.033429280628848090e+01 1.775352077758099156e+01 1.148912529307605723e+01 1.000000000000000000e+02
2.343100000000000364e+03 1.628302274416340367e+02 1.267536802964484792e+02 7.880748139363561444e-01 4.033429280628848090e+01 1.775352077758099156e+01 1.148912529307605723e+01 1.000000000000000000e+02
2.343799999999999727e+03 1.630493206004058209e+02 1.270350087505563437e+02 7.835164381528065825e-01 4.033429280628848090e+01 1.775352077758099156e+01 1.148912529307605723e+01 1.000000000000000000e+02
2.344500000000000000e+03 1.591774687133557791e+02 1.220257310815688498e+02 7.873456935057300266e-01 4.033429280628848090e+01 1.775352077758099156e+01 1.148912529307605723e+01 1.000000000000000000e+02
2.345200000000000273e+03 1.553069547781455810e+02 1.169318720557442930e+02 7.891306183950931308e-01 4.033429280628848090e+01 1.775352077758099156e+01 1.148912529307605723e+01 1.000000000000000000e+02
2.345900000000000091e+03 1.588600169725366982e+02 1.216113378452627956e+02 7.951266978464492929e-01 4.033429280628848090e+01 1.775352077758099156e+01 1.148912529307605723e+01 1.000000000000000000e+02
2.346599999999999909e+03 1.591276578563337694e+02 1.219607477627225052e+02 8.014149896702336129e-01 4.033429280628848090e+01 1.775352077758099156e+01 1.148912529307605723e+01 1.000000000000000000e+02
2.347300000000000182e+03 1.552041623633101892e+02 1.167953103292112331e+02 8.058080169888229838e-01 4.033429280628848090e+01 1.775352077758099156e+01 1.148912529307605723e+01 1.000000000000000000e+02
2.348000000000000000e+03 1.537861774377685435e+02 1.149043118029990609e+02 8.167764228909680790e-01 4.033429280628848090e+01 1.775352077758099156e+01 1.148912529307605723e+01 1.000000000000000000e+02
2.348699999999999818e+03 1.570175309061922917e+02 1.191944525214032495e+02 8.307764723238572069e-01 4.033429280628848090e+01 1.775352077758099156e+01 1.148912529307605723e+01 1.000000000000000000e+02
2.349400000000000091e+03 1.549769497193705377e+02 1.164932077175330392e+02 8.319549423849460501e-01 4.033429280628848090e+01 1.775352077758099156e+01 1.148912529307605723e+01 1.000000000000000000e+02
2.350099999999999909e+03 1.495213318706866801e+02 1.091303861643677067e+02 8.269722501534337855e-01 4.033429280628848090e+01 1.775352077758099156e+01 1.148912529307605723e+01 1.000000000000000000e+02
2.350800000000000182e+03 1.459333948458699695e+02 1.041603006487624583e+02 8.181940657244309856e-01 4.033429280628848090e+01 1.775352077758099156e+01 1.148912529307605723e+01 1.000000000000000000e+02
2.351500000000000000e+03 1.411920964289947165e+02 9.740647100688197213e+01 8.227090187513419473e-01 4.033429280628848090e+01 1.775352077758099156e+01 1.148912529307605723e+01 1.000000000000000000e+02
2.352199999999999818e+03 1.365015514395766161e+02 9.047367598042750103e+01 8.275016051407992901e-01 4.033429280628848090e+01 1.775352077758099156e+01 1.148912529307605723e+01 1.000000000000000000e+02
2.352900000000000091e+03 1.434616679186431725e+02 1.006680816445761621e+02 8.265394755073045552e-01 4.033429280628848090e+01 1.775352077758099156e+01 1.148912529307605723e+01 1.000000000000000000e+02
2.353600000000000364e+03 1.547474245632542136e+02 1.161876839813930360e+02 8.166508093227380360e-01 4.033429280628848090e+01 1.775352077758099156e+01 1.148912529307605723e+01 1.000000000000000000e+02
2.354299999999999727e+03 1.612561166918769402e+02 1.247250883765741634e+02 8.140470711546066163e-01 4.033429280628848090e+01 1.775352077758099156e+01 1.148912529307605723e+01 1.000000000000000000e+02
2.355000000000000000e+03 1.610548704335585626e+02 1.244647893597636710e+02 8.072236237519350155e-01 4.033429280628848090e+01 1.775352077758099156e+01 1.148912529307605723e+01 1.000000000000000000e+02
2.355700000000000273e+03 1.560779083227749311e+02 1.179539145870646166e+02 8.103191921760900529e-01 4.033429280628848090e+01 1.775352077758099156e+01 1.148912529307605723e+01 1.000000000000000000e+02
2.356399999999999636e+03 1.543029730795516912e+02 1.155950691041311558e+02 8.149048097054961692e-01 4.033429280628848090e+01 1.775352077758099156e+01 1.148912529307605723e+01 1.000000000000000000e+02
2.357099999999999909e+03 1.565469389180215387e+02 1.185738444371387033e+02 8.240728712803362388e-01 4.033429280628848090e+01 1.775352077758099156e+01 1.148912529307605723e+01 1.000000000000000000e+02
2.357800000000000182e+03 1.548697169765305830e+02 1.163505124027852560e+02 8.356971272904929471e-01 4.033429280628848090e+01 1.775352077758099156e+01 1.148912529307605723e+01 1.000000000000000000e+02
2.358500000000000000e+03 1.488323040440830596e+02 1.081844130504500185e+02 8.462820547926144243e-01 4.033429280628848090e+01 1.775352077758099156e+01 1.148912529307605723e+01 1.000000000000000000e+02
2.359199999999999818e+03 1.572222014114825868e+02 1.194639406543782201e+02 8.567090299528183905e-01 4.033429280628848090e+01 1.775352077758099156e+01 1.148912529307605723e+01 1.000000000000000000e+02
2.359900000000000091e+03 1.668913839543849917e+02 1.319300820063792514e+02 8.647077173473995959e-01 4.033429280628848090e+01 1.775352077758099156e+01 1.148912529307605723e+01 1.000000000000000000e+02
2.360599999999999909e+03 1.674872153761280344e+02 1.326830049947976420e+02 8.676693805724008390e-01 4.033429280628848090e+01 1.775352077758099156e+01 1.148912529307605723e+01 1.000000000000000000e+02
2.361300000000000182e+03 1.642103479959804702e+02 1.285217914945205280e+02 8.695743115720672156e-01 4.033429280628848090e+01 1.775352077758099156e+01 1.148912529307605723e+01 1.000000000000000000e+02
2.362000000000000000e+03 1.635964532006841807e+02 1.277364943931202816e+02 8.661615326052197750e-01 4.033429280628848090e+01 1.775352077758099156e+01 1.148912529307605723e+01 1.000000000000000000e+02
2.362699999999999818e+03 1.639007737152809057e+02 1.281260165792557473e+02 8.598171733873087863e-01 4.033429280628848090e+01 1.775352077758099156e+01 1.148912529307605723e+01 1.000000000000000000e+02
2.363400000000000091e+03 1.566926001573630174e+02 1.187660870959182660e+02 8.600893286246057423e-01 4.033429280628848090e+01 1.775352077758099156e+01 1.148912529307605723e+01 1.000000000000000000e+02
2.364099999999999909e+03 1.525581626109794797e+02 1.132554876341012147e+02 8.587802516112685858e-01 4.033429280628848090e+01 1.775352077758099156e+01 1.148912529307605723e+01 1.000000000000000000e+02
2.364799999999999727e+03 1.605695209257203260e+02 1.238361156945555166e+02 8.453426552287082174e-01 4.033429280628848090e+01 1.775352077758099156e+01 1.148912529307605723e+01 1.000000000000000000e+02
2.365500000000000000e+03 1.662776445466848827e+02 1.311528405182048687e+02 8.422098420329803270e-01 4.033429280628848090e+01 1.775352077758099156e+01 1.148912529307605723e+01 1.000000000000000000e+02
2.366200000000000273e+03 1.637257941630273592e+02 1.279021038697722332e+02 8.417960981245649066e-01 4.033429280628848090e+01 1.775352077758099156e+01 1.148912529307605723e+01 1.000000000000000000e+02
2.366899999999999636e+03 1.547243413690720502e+02 1.161569382864973079e+02 8.433991285279545114e-01 4.033429280628848090e+01 1.775352077758099156e+01 1.148912529307605723e+01 1.000000000000000000e+02
2.367599999999999909e+03 1.488210033256778217e+02 1.081688658111076364e+02 8.415415045090613999e-01 4.033429280628848090e+01 1.775352077758099156e+01 1.148912529307605723e+01 1.000000000000000000e+02
2.368300000000000182e+03 1.494449950845267949e+02 1.090257724385121634e+02 8.417666019869712857e-01 4.033429280628848090e+01 1.775352077758099156e+01 1.148912529307605723e+01 1.000000000000000000e+02
2.369000000000000000e+03 1.482070206743736378e+02 1.073225674179210785e+02 8.375353705853131325e-01 4.033429280628848090e+01 1.775352077758099156e+01 1.148912529307605723e+01 1.000000000000000000e+02
2.369699999999999818e+03 1.458249018843273177e+02 1.040082425078594071e+02 8.378328036678083235e-01 4.033429280628848090e+01 1.775352077758099156e+01 1.148912529307605723e+01 1.000000000000000000e+02
2.370400000000000091e+03 1.325115104054013102e+02 8.433334387963505208e+01 8.459039888784054551e-01 4.033429280628848090e+01 1.775352077758099156e+01 1.148912529307605723e+01 1.000000000000000000e+02
2.371100000000000364e+03 1.244954971339254968e+02 7.107700969106151945e+01 8.668108852699475397e-01 4.033429280628848090e+01 1.775352077758099156e+01 1.148912529307605723e+01 1.000000000000000000e+02
2.371799999999999727e+03 1.324662510307291257e+02 8.426221075984268793e+01 8.804229282289277592e-01 4.033429280628848090e+01 1.775352077758099156e+01 1.148912529307605723e+01 1.000000000000000000e+02
2.372500000000000000e+03 1.440102096782019885e+02 1.014482774203668072e+02 8.817042660862843828e-01 4.033429280628848090e+01 1.775352077758099156e+01 1.148912529307605723e+01 1.000000000000000000e+02
2.373200000000000273e+03 1.518067853605627988e+02 1.122413140581844004e+02 8.826898510787442031e-01 4.033429280628848090e+01 1.775352077758099156e+01 1.148912529307605723e+01 1.000000000000000000e+02
2.373900000000000091e+03 1.567671537002213142e+02 1.188644310938676512e+02 8.876470077946803094e-01 4.033429280628848090e+01 1.775352077758099156e+01 1.148912529307605723e+01 1.000000000000000000e+02
2.374599999999999909e+03 1.591824696675312225e+02 1.220322545454868646e+02 8.826548823825443035e-01 4.033429280628848090e+01 1.775352077758099156e+01 1.148912529307605723e+01 1.000000000000000000e+02
2.375300000000000182e+03 1.589158236520798084e+02 1.216842286700249645e+02 8.789218023735729801e-01 4.033429280628848090e+01 1.775352077758099156e+01 1.148912529307605723e+01 1.000000000000000000e+02
2.376000000000000000e+03 1.501978258434621409e+02 1.100554377943361004e+02 8.695128172693444846e-01 4.033429280628848090e+01 1.775352077758099156e+01 1.148912529307605723e+01 1.000000000000000000e+02
2.376699999999999818e+03 1.402202222781683929e+02 9.599230821132991309e+01 8.578400771269871772e-01 4.033429280628848090e+01 1.775352077758099156e+01 1.148912529307605723e+01 1.000000000000000000e+02
2.377400000000000091e+03 1.400428377273273668e+02 9.573300840735416273e+01 8.568165265851749313e-01 4.033429280628848090e+01 1.775352077758099156e+01 1.148912529307605723e+01 1.000000000000000000e+02
2.378099999999999909e+03 1.384357282675019576e+02 9.336628599742863344e+01 8.535418526482838608e-01 4.033429280628848090e+01 1.775352077758099156e+01 1.148912529307605723e+01 1.000000000000000000e+02
2.378800000000000182e+03 1.449057539559097734e+02 1.027155783196037788e+02 8.637326341730213741e-01 4.033429280628848090e+01 1.775352077758099156e+01 1.148912529307605723e+01 1.000000000000000000e+02
2.379500000000000000e+03 1.488455581764610827e+02 1.082026464041534268e+02 8.677220415082902427e-01 4.033429280628848090e+01 1.775352077758099156e+01 1.148912529307605723e+01 1.000000000000000000e+02
2.380199999999999818e+03 1.480762765582327063e+02 1.071419440711723183e+02 8.720127673010492630e-01 4.033429280628848090e+01 1.775352077758099156e+01 1.148912529307605723e+01 1.000000000000000000e+02
