2.040000000000000000e+03 1.694232407667960069e+04 2.448950766141480472e+03 5.775237712874965734e-02 1.320000000000000000e+02
2.040700000000000273e+03 1.726038696260774668e+04 2.448950766141480472e+03 5.817535111584987151e-02 1.320000000000000000e+02
2.041399999999999864e+03 2.015227400082391978e+04 2.448950766141480472e+03 5.860110202896660209e-02 1.320000000000000000e+02
2.042100000000000136e+03 2.106867250131213950e+04 2.448950766141480472e+03 5.902964585260821878e-02 1.320000000000000000e+02
2.042800000000000182e+03 2.018410037356747853e+04 2.448950766141480472e+03 5.946099864943536067e-02 1.320000000000000000e+02
2.043499999999999773e+03 1.857505569316290712e+04 2.448950766141480472e+03 5.989517656037940396e-02 1.320000000000000000e+02
2.044200000000000045e+03 1.785725321817506119e+04 2.448950766141480472e+03 6.033219580459479869e-02 1.320000000000000000e+02
2.044900000000000091e+03 1.923172693700026139e+04 2.448950766141480472e+03 6.077207483205886163e-02 1.320000000000000000e+02
2.045599999999999909e+03 2.076707038379589358e+04 2.448950766141480472e+03 6.139317781514812278e-02 1.320000000000000000e+02
2.046299999999999955e+03 2.068803286084302090e+04 2.448950766141480472e+03 6.184011757656684288e-02 1.320000000000000000e+02
2.047000000000000227e+03 1.947701938904866256e+04 2.448950766141480472e+03 6.228997280955295146e-02 1.320000000000000000e+02
2.047699999999999818e+03 1.777900360852920858e+04 2.448950766141480472e+03 6.274276017917926329e-02 1.320000000000000000e+02
2.048400000000000091e+03 1.612848709069011420e+04 2.448950766141480472e+03 6.319849643071420719e-02 1.320000000000000000e+02
2.049100000000000364e+03 1.470631038615430225e+04 2.448950766141480472e+03 6.365719839047316586e-02 1.320000000000000000e+02
2.049799999999999727e+03 1.289976864728692999e+04 2.448950766141480472e+03 6.411888296623906303e-02 1.320000000000000000e+02
2.050500000000000000e+03 1.153214382272349030e+04 2.448950766141480472e+03 6.458356714680847654e-02 1.320000000000000000e+02
2.051200000000000273e+03 1.110870396255325068e+04 2.448950766141480472e+03 6.505126800304238122e-02 1.320000000000000000e+02
2.051899999999999636e+03 1.035764047271515301e+04 2.448950766141480472e+03 6.552200268818847428e-02 1.320000000000000000e+02
2.052599999999999909e+03 9.684053092562142410e+03 2.448950766141480472e+03 6.599578843743489354e-02 1.320000000000000000e+02
2.053300000000000182e+03 8.877547458055209063e+03 2.448950766141480472e+03 6.647264256902127300e-02 1.320000000000000000e+02
2.054000000000000000e+03 8.247879342522415755e+03 2.448950766141480472e+03 6.695258248430521753e-02 1.320000000000000000e+02
2.054699999999999818e+03 8.475185494481962451e+03 2.448950766141480472e+03 6.743562566794873703e-02 1.320000000000000000e+02
2.055400000000000091e+03 8.985690326604526490e+03 2.448950766141480472e+03 6.809507733917195826e-02 1.320000000000000000e+02
2.056099999999999909e+03 8.632771265017387122e+03 2.448950766141480472e+03 6.858562819733846072e-02 1.320000000000000000e+02
2.056800000000000182e+03 8.383947084417946826e+03 2.448950766141480472e+03 6.907934333363824342e-02 1.320000000000000000e+02
2.057500000000000000e+03 9.410182149441268848e+03 2.448950766141480472e+03 6.957624061505984780e-02 1.320000000000000000e+02
2.058199999999999818e+03 1.120865298456556047e+04 2.448950766141480472e+03 7.007633799365384220e-02 1.320000000000000000e+02
2.058900000000000091e+03 1.330920684576936947e+04 2.448950766141480472e+03 7.057965350685092842e-02 1.320000000000000000e+02
2.059599999999999909e+03 1.594063274389806247e+04 2.448950766141480472e+03 7.108620527819101143e-02 1.320000000000000000e+02
2.060299999999999727e+03 1.673406100758737011e+04 2.448950766141480472e+03 7.159601151724076518e-02 1.320000000000000000e+02
2.061000000000000000e+03 1.521301870366139519e+04 2.448950766141480472e+03 7.210909051995841035e-02 1.320000000000000000e+02
2.061700000000000273e+03 1.375535540228441823e+04 2.448950766141480472e+03 7.262546066915358256e-02 1.320000000000000000e+02
2.062399999999999636e+03 1.202362843186653481e+04 2.448950766141480472e+03 7.314514043510200736e-02 1.320000000000000000e+02
2.063099999999999909e+03 1.125470061778676245e+04 2.448950766141480472e+03 7.366814837497487334e-02 1.320000000000000000e+02
2.063800000000000182e+03 1.154685631102251864e+04 2.448950766141480472e+03 7.419450313405846764e-02 1.320000000000000000e+02
2.064500000000000000e+03 1.148093402035534746e+04 2.448950766141480472e+03 7.472422344580294251e-02 1.320000000000000000e+02
2.065199999999999818e+03 1.118096284008867406e+04 2.448950766141480472e+03 7.542358690130435139e-02 1.320000000000000000e+02
2.065900000000000091e+03 1.058882583272734519e+04 2.448950766141480472e+03 7.596128012787359274e-02 1.320000000000000000e+02
2.066600000000000364e+03 1.110047929735712205e+04 2.448950766141480472e+03 7.650240319949716539e-02 1.320000000000000000e+02
2.067299999999999727e+03 1.207266274440162306e+04 2.448950766141480472e+03 7.704697524777551210e-02 1.320000000000000000e+02
2.068000000000000000e+03 1.232757827177479885e+04 2.448950766141480472e+03 7.759501549365356576e-02 1.320000000000000000e+02
2.068700000000000273e+03 1.225755716048400609e+04 2.448950766141480472e+03 7.814654324871737889e-02 1.320000000000000000e+02
2.069400000000000091e+03 1.208728307266776392e+04 2.448950766141480472e+03 7.870157791523745006e-02 1.320000000000000000e+02
2.070099999999999909e+03 1.198534067067798424e+04 2.448950766141480472e+03 7.926013898634980126e-02 1.320000000000000000e+02
2.070800000000000182e+03 1.257136785862423312e+04 2.448950766141480472e+03 7.982224604633754439e-02 1.320000000000000000e+02
2.071500000000000000e+03 1.363256417052589313e+04 2.448950766141480472e+03 8.038791877142928421e-02 1.320000000000000000e+02
2.072199999999999818e+03 1.481908235647773290e+04 2.448950766141480472e+03 8.095717692967722978e-02 1.320000000000000000e+02
2.072900000000000091e+03 1.532311091713986934e+04 2.448950766141480472e+03 8.153004038128797148e-02 1.320000000000000000e+02
2.073599999999999909e+03 1.520450437955522466e+04 2.448950766141480472e+03 8.210652907948978729e-02 1.320000000000000000e+02
2.074300000000000182e+03 1.563774690663724687e+04 2.448950766141480472e+03 8.268666307008083749e-02 1.320000000000000000e+02
2.075000000000000000e+03 1.615781683568918925e+04 2.448950766141480472e+03 8.334925670636327000e-02 1.320000000000000000e+02
2.075699999999999818e+03 1.671275894021794375e+04 2.448950766141480472e+03 8.401657256737561641e-02 1.320000000000000000e+02
2.076400000000000091e+03 1.701043797008804904e+04 2.448950766141480472e+03 8.460888193867829865e-02 1.320000000000000000e+02
2.077100000000000364e+03 1.647343693919766883e+04 2.448950766141480472e+03 8.520492477201271897e-02 1.320000000000000000e+02
2.077799999999999727e+03 1.647861177030362887e+04 2.448950766141480472e+03 8.580472162261960911e-02 1.320000000000000000e+02
2.078500000000000000e+03 1.903478014703213921e+04 2.448950766141480472e+03 8.640829314030736008e-02 1.320000000000000000e+02
2.079200000000000273e+03 2.151274985458952142e+04 2.448950766141480472e+03 8.701566007078696818e-02 1.320000000000000000e+02
2.079899999999999636e+03 2.234196365251112002e+04 2.448950766141480472e+03 8.762684325603317670e-02 1.320000000000000000e+02
2.080599999999999909e+03 2.220953265232987542e+04 2.448950766141480472e+03 8.824186363361560814e-02 1.320000000000000000e+02
2.081300000000000182e+03 2.123225259300459220e+04 2.448950766141480472e+03 8.886074223811671335e-02 1.320000000000000000e+02
2.082000000000000000e+03 2.032209989596605010e+04 2.448950766141480472e+03 8.948350020114595460e-02 1.320000000000000000e+02
2.082699999999999818e+03 2.002495336920951013e+04 2.448950766141480472e+03 9.011015875152143806e-02 1.320000000000000000e+02
2.083400000000000091e+03 2.002409586091216261e+04 2.448950766141480472e+03 9.074073921555353417e-02 1.320000000000000000e+02
2.084099999999999909e+03 1.940184219024838603e+04 2.448950766141480472e+03 9.137526301798581940e-02 1.320000000000000000e+02
2.084800000000000182e+03 1.839962266898803500e+04 2.448950766141480472e+03 9.201375168149075745e-02 1.320000000000000000e+02
2.085500000000000000e+03 1.929341646925063469e+04 2.448950766141480472e+03 9.280661458685465770e-02 1.320000000000000000e+02
2.086199999999999818e+03 2.042697425450193259e+04 2.448950766141480472e+03 9.345414722596689927e-02 1.320000000000000000e+02
2.086900000000000091e+03 2.123362197775746972e+04 2.448950766141480472e+03 9.410571642959929262e-02 1.320000000000000000e+02
2.087599999999999909e+03 2.161700929626219659e+04 2.448950766141480472e+03 9.476134415344666939e-02 1.320000000000000000e+02
2.088299999999999727e+03 2.150351037812269715e+04 2.448950766141480472e+03 9.542105245333844243e-02 1.320000000000000000e+02
2.089000000000000000e+03 2.138595235840298119e+04 2.448950766141480472e+03 9.608486348565449531e-02 1.320000000000000000e+02
2.089700000000000273e+03 2.112517674024423832e+04 2.448950766141480472e+03 9.675279950786676297e-02 1.320000000000000000e+02
2.090399999999999636e+03 2.140217690972152923e+04 2.448950766141480472e+03 9.742488287928122159e-02 1.320000000000000000e+02
2.091099999999999909e+03 2.222156229345371321e+04 2.448950766141480472e+03 9.810113606020859356e-02 1.320000000000000000e+02
2.091800000000000182e+03 2.238288205607393684e+04 2.448950766141480472e+03 9.878158161351040245e-02 1.320000000000000000e+02
2.092500000000000000e+03 2.215595470334879792e+04 2.448950766141480472e+03 9.946624220459539256e-02 1.320000000000000000e+02
2.093199999999999818e+03 2.136989453918939762e+04 2.448950766141480472e+03 1.001551406015893791e-01 1.320000000000000000e+02
2.093900000000000091e+03 2.065917234964446834e+04 2.448950766141480472e+03 1.008482996756298600e-01 1.320000000000000000e+02
2.094599999999999909e+03 2.217341369925290201e+04 2.448950766141480472e+03 1.015457424018142152e-01 1.320000000000000000e+02
2.095299999999999727e+03 2.345443477068393258e+04 2.448950766141480472e+03 1.023779517203533967e-01 1.320000000000000000e+02
2.096000000000000000e+03 2.381445308757120074e+04 2.448950766141480472e+03 1.030849319939240588e-01 1.320000000000000000e+02
2.096699999999999818e+03 2.384292119018428275e+04 2.448950766141480472e+03 1.037962710238662933e-01 1.320000000000000000e+02
2.097400000000000091e+03 2.344789392956581651e+04 2.448950766141480472e+03 1.045119922326236406e-01 1.320000000000000000e+02
2.098099999999999909e+03 2.151265964780752256e+04 2.448950766141480472e+03 1.052321191487215202e-01 1.320000000000000000e+02
2.098800000000000182e+03 1.980573567095602994e+04 2.448950766141480472e+03 1.059566754060608101e-01 1.320000000000000000e+02
2.099500000000000000e+03 2.157875783717373270e+04 2.448950766141480472e+03 1.066856847453751533e-01 1.320000000000000000e+02
2.100200000000000273e+03 2.232174769625735644e+04 2.448950766141480472e+03 1.074191710135094235e-01 1.320000000000000000e+02
2.100900000000000091e+03 2.171395867155433370e+04 2.448950766141480472e+03 1.081571581648241576e-01 1.320000000000000000e+02
2.101599999999999909e+03 2.036377211163269385e+04 2.448950766141480472e+03 1.088996702608831940e-01 1.320000000000000000e+02
2.102300000000000182e+03 2.178026758846148005e+04 2.448950766141480472e+03 1.096467314708182705e-01 1.320000000000000000e+02
2.103000000000000000e+03 2.381449022911018255e+04 2.448950766141480472e+03 1.103983660723420746e-01 1.320000000000000000e+02
2.103699999999999818e+03 2.429028827139297937e+04 2.448950766141480472e+03 1.111545984514929197e-01 1.320000000000000000e+02
2.104400000000000091e+03 2.405146558159768756e+04 2.448950766141480472e+03 1.119154531030761429e-01 1.320000000000000000e+02
2.105100000000000364e+03 2.373792454771316625e+04 2.448950766141480472e+03 1.128016065056620110e-01 1.320000000000000000e+02
2.105799999999999727e+03 2.388654471051385190e+04 2.448950766141480472e+03 1.135726057515204362e-01 1.320000000000000000e+02
2.106500000000000000e+03 2.398899426721254349e+04 2.448950766141480472e+03 1.143483049780663618e-01 1.320000000000000000e+02
2.107200000000000273e+03 2.415432978866883423e+04 2.448950766141480472e+03 1.151287306089263107e-01 1.320000000000000000e+02
2.107900000000000091e+03 2.424540315649036347e+04 2.448950766141480472e+03 1.159139077162656128e-01 1.320000000000000000e+02
2.108599999999999909e+03 2.408770699381968370e+04 2.448950766141480472e+03 1.167038614834163823e-01 1.320000000000000000e+02
2.109300000000000182e+03 2.344396316696792201e+04 2.448950766141480472e+03 1.174986172051785682e-01 1.320000000000000000e+02
2.110000000000000000e+03 2.299986051777502871e+04 2.448950766141480472e+03 1.182982002888870593e-01 1.320000000000000000e+02
2.110699999999999818e+03 2.332526790443275240e+04 2.448950766141480472e+03 1.191026362541187378e-01 1.320000000000000000e+02
2.111400000000000091e+03 2.243653714457048773e+04 2.448950766141480472e+03 1.199119507330697471e-01 1.320000000000000000e+02
2.112099999999999909e+03 2.172276232969603734e+04 2.448950766141480472e+03 1.207261694717183947e-01 1.320000000000000000e+02
2.112800000000000182e+03 2.287710794150374204e+04 2.448950766141480472e+03 1.215453183290497591e-01 1.320000000000000000e+02
2.113500000000000000e+03 2.404891699316961967e+04 2.448950766141480472e+03 1.223694232786098485e-01 1.320000000000000000e+02
2.114199999999999818e+03 2.430279543100741648e+04 2.448950766141480472e+03 1.231985104081207150e-01 1.320000000000000000e+02
2.114900000000000091e+03 2.392819488963926051e+04 2.448950766141480472e+03 1.240326076043477971e-01 1.320000000000000000e+02
2.115600000000000364e+03 2.348456639817730684e+04 2.448950766141480472e+03 1.250110525954276353e-01 1.320000000000000000e+02
2.116299999999999727e+03 2.349161364763197707e+04 2.448950766141480472e+03 1.258561857853356114e-01 1.320000000000000000e+02
2.117000000000000000e+03 2.378070732565863364e+04 2.448950766141480472e+03 1.267064123339232407e-01 1.320000000000000000e+02
2.117700000000000273e+03 2.282046331749418459e+04 2.448950766141480472e+03 1.275617589365610760e-01 1.320000000000000000e+02
2.118399999999999636e+03 2.092834574800947303e+04 2.448950766141480472e+03 1.284222524060102677e-01 1.320000000000000000e+02
2.119099999999999909e+03 2.120318698218794452e+04 2.448950766141480472e+03 1.292879196713310475e-01 1.320000000000000000e+02
2.119800000000000182e+03 2.171572447558942076e+04 2.448950766141480472e+03 1.301587877798404957e-01 1.320000000000000000e+02
2.120500000000000000e+03 2.236858381913771154e+04 2.448950766141480472e+03 1.310348838970284979e-01 1.320000000000000000e+02
2.121199999999999818e+03 2.353372176906220921e+04 2.448950766141480472e+03 1.319162353066976601e-01 1.320000000000000000e+02
2.121900000000000091e+03 2.411509778457893481e+04 2.448950766141480472e+03 1.328028694112711738e-01 1.320000000000000000e+02
2.122599999999999909e+03 2.436528805423895392e+04 2.448950766141480472e+03 1.336948137330534747e-01 1.320000000000000000e+02
2.123300000000000182e+03 2.402934022190407268e+04 2.448950766141480472e+03 1.345920959133409534e-01 1.320000000000000000e+02
2.124000000000000000e+03 2.236386468826814598e+04 2.448950766141480472e+03 1.354947437141166000e-01 1.320000000000000000e+02
2.124699999999999818e+03 2.144586343715768453e+04 2.448950766141480472e+03 1.364027850175907330e-01 1.320000000000000000e+02
2.125400000000000091e+03 2.320755096586431318e+04 2.448950766141480472e+03 1.375627454795083082e-01 1.320000000000000000e+02
2.126099999999999909e+03 2.408987885419419035e+04 2.448950766141480472e+03 1.384833074668324615e-01 1.320000000000000000e+02
2.126799999999999727e+03 2.323152966956091404e+04 2.448950766141480472e+03 1.394093571638234386e-01 1.320000000000000000e+02
2.127500000000000000e+03 2.118645210583816515e+04 2.448950766141480472e+03 1.403409229894181931e-01 1.320000000000000000e+02
2.128200000000000273e+03 2.169848922783236412e+04 2.448950766141480472e+03 1.412780334853724895e-01 1.320000000000000000e+02
2.128899999999999636e+03 2.376730244571372896e+04 2.448950766141480472e+03 1.422207173172236327e-01 1.320000000000000000e+02
2.129599999999999909e+03 2.434914947631975883e+04 2.448950766141480472e+03 1.431690032729607820e-01 1.320000000000000000e+02
2.130300000000000182e+03 2.433713821342763549e+04 2.448950766141480472e+03 1.441229202651690966e-01 1.320000000000000000e+02
2.131000000000000000e+03 2.436649872188396694e+04 2.448950766141480472e+03 1.450824973309012833e-01 1.320000000000000000e+02
2.131699999999999818e+03 2.441386779446490982e+04 2.448950766141480472e+03 1.460477636318059380e-01 1.320000000000000000e+02
2.132400000000000091e+03 2.436082847644386129e+04 2.448950766141480472e+03 1.470187484545388001e-01 1.320000000000000000e+02
2.133100000000000364e+03 2.433120072408110718e+04 2.448950766141480472e+03 1.479954812114490648e-01 1.320000000000000000e+02
2.133799999999999727e+03 2.437395826246461365e+04 2.448950766141480472e+03 1.489779914415852446e-01 1.320000000000000000e+02
2.134500000000000000e+03 2.430568460175678774e+04 2.448950766141480472e+03 1.499663088092824115e-01 1.320000000000000000e+02
2.135200000000000273e+03 2.356062421015629661e+04 2.448950766141480472e+03 1.504469738505841148e-01 1.320000000000000000e+02
2.135900000000000091e+03 2.277403450459467786e+04 2.448950766141480472e+03 1.514435934426179020e-01 1.320000000000000000e+02
2.136599999999999909e+03 2.334424718763697456e+04 2.448950766141480472e+03 1.524460898719128821e-01 1.320000000000000000e+02
2.137300000000000182e+03 2.391249580727251669e+04 2.448950766141480472e+03 1.534544932102852866e-01 1.320000000000000000e+02
2.138000000000000000e+03 2.399701523236633511e+04 2.448950766141480472e+03 1.544688336583062982e-01 1.320000000000000000e+02
2.138699999999999818e+03 2.387787515918946519e+04 2.448950766141480472e+03 1.554891415447633152e-01 1.320000000000000000e+02
2.139400000000000091e+03 2.377135514447415335e+04 2.448950766141480472e+03 1.565154473270644331e-01 1.320000000000000000e+02
2.140099999999999909e+03 2.390257117452593593e+04 2.448950766141480472e+03 1.575477815926729641e-01 1.320000000000000000e+02
2.140800000000000182e+03 2.407252849309298472e+04 2.448950766141480472e+03 1.585861750580083718e-01 1.320000000000000000e+02
2.141500000000000000e+03 2.405595431014853602e+04 2.448950766141480472e+03 1.596306585703946290e-01 1.320000000000000000e+02
2.142199999999999818e+03 2.395226410174603734e+04 2.448950766141480472e+03 1.606812631074661935e-01 1.320000000000000000e+02
2.142900000000000091e+03 2.389858444791786314e+04 2.448950766141480472e+03 1.617380197776860651e-01 1.320000000000000000e+02
2.143600000000000364e+03 2.389141177464522843e+04 2.448950766141480472e+03 1.628009598210764797e-01 1.320000000000000000e+02
2.144299999999999727e+03 2.379894319015742076e+04 2.448950766141480472e+03 1.638701146102920503e-01 1.320000000000000000e+02
2.145000000000000000e+03 2.361228671272111023e+04 2.448950766141480472e+03 1.639628446781100368e-01 1.320000000000000000e+02
2.145700000000000273e+03 2.346126931950162543e+04 2.448950766141480472e+03 1.640500714939913396e-01 1.320000000000000000e+02
2.146399999999999636e+03 2.341116552416621926e+04 2.448950766141480472e+03 1.651251038418801997e-01 1.320000000000000000e+02
2.147099999999999909e+03 2.323841176930653819e+04 2.448950766141480472e+03 1.662064022324274137e-01 1.320000000000000000e+02
2.147800000000000182e+03 2.289965820569317293e+04 2.448950766141480472e+03 1.672939983220856075e-01 1.320000000000000000e+02
2.148500000000000000e+03 2.277877335705621590e+04 2.448950766141480472e+03 1.683879239002775974e-01 1.320000000000000000e+02
2.149199999999999818e+03 2.259504618051985381e+04 2.448950766141480472e+03 1.694882108894958106e-01 1.320000000000000000e+02
2.149900000000000091e+03 2.210662886206380426e+04 2.448950766141480472e+03 1.705948913456114269e-01 1.320000000000000000e+02
2.150599999999999909e+03 2.127648868858800051e+04 2.448950766141480472e+03 1.717079974594024894e-01 1.320000000000000000e+02
2.151300000000000182e+03 1.947092777723667677e+04 2.448950766141480472e+03 1.728275615553317157e-01 1.320000000000000000e+02
2.152000000000000000e+03 1.917275085027582827e+04 2.448950766141480472e+03 1.739536160936326348e-01 1.320000000000000000e+02
2.152699999999999818e+03 1.986808799546072987e+04 2.448950766141480472e+03 1.750861936696374022e-01 1.320000000000000000e+02
2.153400000000000091e+03 2.043469027965546047e+04 2.448950766141480472e+03 1.762253270141898309e-01 1.320000000000000000e+02
2.154099999999999909e+03 2.103380215175261037e+04 2.448950766141480472e+03 1.773710489951068892e-01 1.320000000000000000e+02
2.154799999999999727e+03 2.166189786650694077e+04 2.448950766141480472e+03 1.785233926165779306e-01 1.320000000000000000e+02
2.155500000000000000e+03 2.223918241386106820e+04 2.448950766141480472e+03 1.796181323993835954e-01 1.320000000000000000e+02
2.156200000000000273e+03 2.261586846764947768e+04 2.448950766141480472e+03 1.807834019863548136e-01 1.320000000000000000e+02
2.156899999999999636e+03 2.279249756742007594e+04 2.448950766141480472e+03 1.819553906477535676e-01 1.320000000000000000e+02
2.157599999999999909e+03 2.253728330110007300e+04 2.448950766141480472e+03 1.831341319263089518e-01 1.320000000000000000e+02
2.158300000000000182e+03 2.185677793412687606e+04 2.448950766141480472e+03 1.843196595044174213e-01 1.320000000000000000e+02
2.159000000000000000e+03 2.099074007434777377e+04 2.448950766141480472e+03 1.855120072038811962e-01 1.320000000000000000e+02
2.159699999999999818e+03 2.100993640714922367e+04 2.448950766141480472e+03 1.867112089859963298e-01 1.320000000000000000e+02
2.160400000000000091e+03 2.135677456217286453e+04 2.448950766141480472e+03 1.879172989518565484e-01 1.320000000000000000e+02
2.161099999999999909e+03 2.143575367958052811e+04 2.448950766141480472e+03 1.891303113438832229e-01 1.320000000000000000e+02
2.161799999999999727e+03 2.162315128440063927e+04 2.448950766141480472e+03 1.903502805451837421e-01 1.320000000000000000e+02
2.162500000000000000e+03 2.046283016948301884e+04 2.448950766141480472e+03 1.915772410799807812e-01 1.320000000000000000e+02
2.163199999999999818e+03 1.775769037790985021e+04 2.448950766141480472e+03 1.928112276152884885e-01 1.320000000000000000e+02
2.163900000000000091e+03 1.827700871414363792e+04 2.448950766141480472e+03 1.940522749595004204e-01 1.320000000000000000e+02
2.164599999999999909e+03 2.075099304747917631e+04 2.448950766141480472e+03 1.953004180647008592e-01 1.320000000000000000e+02
2.165299999999999727e+03 2.067272729975160473e+04 2.448950766141480472e+03 1.969132708767424023e-01 1.320000000000000000e+02
2.166000000000000000e+03 1.943697622690079515e+04 2.448950766141480472e+03 1.981780075936550034e-01 1.320000000000000000e+02
2.166700000000000273e+03 1.950445678519232752e+04 2.448950766141480472e+03 1.994499588888794805e-01 1.320000000000000000e+02
2.167400000000000091e+03 2.049919205047751893e+04 2.448950766141480472e+03 2.007291603547365633e-01 1.320000000000000000e+02
2.168099999999999909e+03 2.005404422298750433e+04 2.448950766141480472e+03 2.020156477286050301e-01 1.320000000000000000e+02
2.168800000000000182e+03 1.936405754714925570e+04 2.448950766141480472e+03 2.033094568932301838e-01 1.320000000000000000e+02
2.169500000000000000e+03 2.095355125008224786e+04 2.448950766141480472e+03 2.046106238783572395e-01 1.320000000000000000e+02
2.170199999999999818e+03 2.214965932386571149e+04 2.448950766141480472e+03 2.059191848600052666e-01 1.320000000000000000e+02
2.170900000000000091e+03 2.251536701890893164e+04 2.448950766141480472e+03 2.072351761610419785e-01 1.320000000000000000e+02
2.171600000000000364e+03 2.240981994826149457e+04 2.448950766141480472e+03 2.085586342520306113e-01 1.320000000000000000e+02
2.172299999999999727e+03 2.167204036533610633e+04 2.448950766141480472e+03 2.098895957525085953e-01 1.320000000000000000e+02
2.173000000000000000e+03 2.107587724444736159e+04 2.448950766141480472e+03 2.112280974288729685e-01 1.320000000000000000e+02
2.173700000000000273e+03 2.053674948717861844e+04 2.448950766141480472e+03 2.125741761973917732e-01 1.320000000000000000e+02
2.174400000000000091e+03 1.984402289062933778e+04 2.448950766141480472e+03 2.139278691238709618e-01 1.320000000000000000e+02
2.175099999999999909e+03 2.049404237830286365e+04 2.448950766141480472e+03 2.157258169361543909e-01 1.320000000000000000e+02
2.175800000000000182e+03 2.034526334800137192e+04 2.448950766141480472e+03 2.170976316855925126e-01 1.320000000000000000e+02
2.176500000000000000e+03 2.040225179176820529e+04 2.448950766141480472e+03 2.184771830619337274e-01 1.320000000000000000e+02
2.177199999999999818e+03 2.185329188251645610e+04 2.448950766141480472e+03 2.198645141067287201e-01 1.320000000000000000e+02
2.177900000000000091e+03 2.187390656338527697e+04 2.448950766141480472e+03 2.212596627155993256e-01 1.320000000000000000e+02
2.178599999999999909e+03 2.074354678544842682e+04 2.448950766141480472e+03 2.226626669376206569e-01 1.320000000000000000e+02
2.179300000000000182e+03 2.020613267820933470e+04 2.448950766141480472e+03 2.240735649736366186e-01 1.320000000000000000e+02
2.180000000000000000e+03 2.140843831076765491e+04 2.448950766141480472e+03 2.254923951788794789e-01 1.320000000000000000e+02
2.180699999999999818e+03 2.239511738138806686e+04 2.448950766141480472e+03 2.269191960619958981e-01 1.320000000000000000e+02
2.181400000000000091e+03 2.254184225983802753e+04 2.448950766141480472e+03 2.283540062856460884e-01 1.320000000000000000e+02
2.182100000000000364e+03 2.184013954656165879e+04 2.448950766141480472e+03 2.297968646674068138e-01 1.320000000000000000e+02
2.182799999999999727e+03 1.943890900868609242e+04 2.448950766141480472e+03 2.312478101811427100e-01 1.320000000000000000e+02
2.183500000000000000e+03 1.779239326687836729e+04 2.448950766141480472e+03 2.327068819546454503e-01 1.320000000000000000e+02
2.184200000000000273e+03 1.762367608404441853e+04 2.448950766141480472e+03 2.341741192727679333e-01 1.320000000000000000e+02
2.184899999999999636e+03 1.681447630524398483e+04 2.448950766141480472e+03 2.356495651016374260e-01 1.320000000000000000e+02
2.185599999999999909e+03 1.933940362405914857e+04 2.448950766141480472e+03 2.374246478910242986e-01 1.320000000000000000e+02
2.186300000000000182e+03 2.127084254222756135e+04 2.448950766141480472e+03 2.389184525197830256e-01 1.320000000000000000e+02
2.187000000000000000e+03 2.029656938303936477e+04 2.448950766141480472e+03 2.404205916334510584e-01 1.320000000000000000e+02
2.187699999999999818e+03 1.923934314505717703e+04 2.448950766141480472e+03 2.419311053540863787e-01 1.320000000000000000e+02
2.188400000000000091e+03 1.999303609919092196e+04 2.448950766141480472e+03 2.434500339624754983e-01 1.320000000000000000e+02
2.189099999999999909e+03 2.140604405409620813e+04 2.448950766141480472e+03 2.449774179001803776e-01 1.320000000000000000e+02
2.189800000000000182e+03 2.118188572745550846e+04 2.448950766141480472e+03 2.465132977676552095e-01 1.320000000000000000e+02
2.190500000000000000e+03 2.047648749752120057e+04 2.448950766141480472e+03 2.480577143270913387e-01 1.320000000000000000e+02
2.191199999999999818e+03 2.145930681990113953e+04 2.448950766141480472e+03 2.496107085013117288e-01 1.320000000000000000e+02
2.191900000000000091e+03 2.231628542800503055e+04 2.448950766141480472e+03 2.511723213742387273e-01 1.320000000000000000e+02
2.192599999999999909e+03 2.239596848026538646e+04 2.448950766141480472e+03 2.527425941928223563e-01 1.320000000000000000e+02
2.193299999999999727e+03 2.217038075932111315e+04 2.448950766141480472e+03 2.543215683660753346e-01 1.320000000000000000e+02
2.194000000000000000e+03 2.071625949845132345e+04 2.448950766141480472e+03 2.559092854657025740e-01 1.320000000000000000e+02
2.194700000000000273e+03 1.856706699770434716e+04 2.448950766141480472e+03 2.575057872270645198e-01 1.320000000000000000e+02
2.195399999999999636e+03 1.948893361561425263e+04 2.448950766141480472e+03 2.594198979755868439e-01 1.320000000000000000e+02
2.196099999999999909e+03 2.053308399227545669e+04 2.448950766141480472e+03 2.610360185611444450e-01 1.320000000000000000e+02
2.196800000000000182e+03 2.025714560444175004e+04 2.448950766141480472e+03 2.626610606201074116e-01 1.320000000000000000e+02
2.197500000000000000e+03 1.941029666175086822e+04 2.448950766141480472e+03 2.642950665977090163e-01 1.320000000000000000e+02
2.198199999999999818e+03 1.711166931206383742e+04 2.448950766141480472e+03 2.659380791049704706e-01 1.320000000000000000e+02
2.198900000000000091e+03 1.683102718585465846e+04 2.448950766141480472e+03 2.675901409191656644e-01 1.320000000000000000e+02
2.199600000000000364e+03 1.666306111464360583e+04 2.448950766141480472e+03 2.692512949848287485e-01 1.320000000000000000e+02
2.200299999999999727e+03 1.674633714971555673e+04 2.448950766141480472e+03 2.709215844152986774e-01 1.320000000000000000e+02
2.201000000000000000e+03 1.847944231477477297e+04 2.448950766141480472e+03 2.726010524898904719e-01 1.320000000000000000e+02
2.201700000000000273e+03 1.927461618188991270e+04 2.448950766141480472e+03 2.742897426576910713e-01 1.320000000000000000e+02
2.202400000000000091e+03 1.936704649240789149e+04 2.448950766141480472e+03 2.759876985370245395e-01 1.320000000000000000e+02
2.203099999999999909e+03 1.973294941865815417e+04 2.448950766141480472e+03 2.776949639154012162e-01 1.320000000000000000e+02
2.203800000000000182e+03 1.910036410663765855e+04 2.448950766141480472e+03 2.794115827498220850e-01 1.320000000000000000e+02
2.204500000000000000e+03 1.758125953194271642e+04 2.448950766141480472e+03 2.811375991690697185e-01 1.320000000000000000e+02
2.205200000000000273e+03 1.799276725304258434e+04 2.448950766141480472e+03 2.830233401980000729e-01 1.320000000000000000e+02
2.205900000000000091e+03 1.973694722747945343e+04 2.448950766141480472e+03 2.847692118961982488e-01 1.320000000000000000e+02
2.206599999999999909e+03 1.975052552609492341e+04 2.448950766141480472e+03 2.865246196548609237e-01 1.320000000000000000e+02
2.207300000000000182e+03 1.981142871286089212e+04 2.448950766141480472e+03 2.882896083123683284e-01 1.320000000000000000e+02
2.208000000000000000e+03 2.077675003827737601e+04 2.448950766141480472e+03 2.900642228812819745e-01 1.320000000000000000e+02
2.208699999999999818e+03 2.132670591485869954e+04 2.448950766141480472e+03 2.918485085471997920e-01 1.320000000000000000e+02
2.209400000000000091e+03 2.135142867119979928e+04 2.448950766141480472e+03 2.936425106694283693e-01 1.320000000000000000e+02
2.210100000000000364e+03 2.110756814834117540e+04 2.448950766141480472e+03 2.954462747820412738e-01 1.320000000000000000e+02
2.210799999999999727e+03 2.107466323399007888e+04 2.448950766141480472e+03 2.972598465955449965e-01 1.320000000000000000e+02
2.211500000000000000e+03 2.151620199596994280e+04 2.448950766141480472e+03 2.990832719937359663e-01 1.320000000000000000e+02
2.212200000000000273e+03 2.178907118260478819e+04 2.448950766141480472e+03 3.009165970378337995e-01 1.320000000000000000e+02
2.212900000000000091e+03 2.177811737198540141e+04 2.448950766141480472e+03 3.027598679658539682e-01 1.320000000000000000e+02
2.213599999999999909e+03 2.151280013479188710e+04 2.448950766141480472e+03 3.046131311925206475e-01 1.320000000000000000e+02
2.214300000000000182e+03 2.063833405470417347e+04 2.448950766141480472e+03 3.064764333095618687e-01 1.320000000000000000e+02
2.215000000000000000e+03 1.966554727604509026e+04 2.448950766141480472e+03 3.083619425734700492e-01 1.320000000000000000e+02
2.215699999999999818e+03 1.888573522444705668e+04 2.448950766141480472e+03 3.102576101883962600e-01 1.320000000000000000e+02
2.216400000000000091e+03 1.900093497373852369e+04 2.448950766141480472e+03 3.121514584542295911e-01 1.320000000000000000e+02
2.217099999999999909e+03 2.059051962366049702e+04 2.448950766141480472e+03 3.140555345666388720e-01 1.320000000000000000e+02
2.217800000000000182e+03 2.121594979521228015e+04 2.448950766141480472e+03 3.159698860164226186e-01 1.320000000000000000e+02
2.218500000000000000e+03 2.117347288040490093e+04 2.448950766141480472e+03 3.178945604764563670e-01 1.320000000000000000e+02
2.219199999999999818e+03 2.117782348116128196e+04 2.448950766141480472e+03 3.198296058001714459e-01 1.320000000000000000e+02
2.219900000000000091e+03 2.107293542081959458e+04 2.448950766141480472e+03 3.217750700220421423e-01 1.320000000000000000e+02
2.220599999999999909e+03 2.089831804161881155e+04 2.448950766141480472e+03 3.237310013599694614e-01 1.320000000000000000e+02
2.221299999999999727e+03 2.033705312911941292e+04 2.448950766141480472e+03 3.256974482139329274e-01 1.320000000000000000e+02
2.222000000000000000e+03 2.031624932547275603e+04 2.448950766141480472e+03 3.276744591666906348e-01 1.320000000000000000e+02
2.222700000000000273e+03 2.070804193922322520e+04 2.448950766141480472e+03 3.296620829849236656e-01 1.320000000000000000e+02
2.223399999999999636e+03 2.095094811007205499e+04 2.448950766141480472e+03 3.316603686210490287e-01 1.320000000000000000e+02
2.224099999999999909e+03 2.092176316390347347e+04 2.448950766141480472e+03 3.336693652096646145e-01 1.320000000000000000e+02
2.224800000000000182e+03 2.025453405196260792e+04 2.448950766141480472e+03 3.356891220721228142e-01 1.320000000000000000e+02
2.225500000000000000e+03 1.976963069915191227e+04 2.448950766141480472e+03 3.377084350490823228e-01 1.320000000000000000e+02
2.226199999999999818e+03 1.989519980733937700e+04 2.448950766141480472e+03 3.397497931417289285e-01 1.320000000000000000e+02
2.226900000000000091e+03 1.983194247387291034e+04 2.448950766141480472e+03 3.418020602246448769e-01 1.320000000000000000e+02
2.227599999999999909e+03 2.028739079838237012e+04 2.448950766141480472e+03 3.438652863641863955e-01 1.320000000000000000e+02
2.228299999999999727e+03 2.086720280573139098e+04 2.448950766141480472e+03 3.459395218139030836e-01 1.320000000000000000e+02
2.229000000000000000e+03 2.112883442298630689e+04 2.448950766141480472e+03 3.480248170150276321e-01 1.320000000000000000e+02
2.229699999999999818e+03 2.117461255317711766e+04 2.448950766141480472e+03 3.501212225992526572e-01 1.320000000000000000e+02
2.230400000000000091e+03 2.086255258387098365e+04 2.448950766141480472e+03 3.522287893858765950e-01 1.320000000000000000e+02
2.231099999999999909e+03 2.017290596098102469e+04 2.448950766141480472e+03 3.543475683857039149e-01 1.320000000000000000e+02
2.231799999999999727e+03 1.953616343342960317e+04 2.448950766141480472e+03 3.564776107993267162e-01 1.320000000000000000e+02
2.232500000000000000e+03 1.957638724179889687e+04 2.448950766141480472e+03 3.586189680178382133e-01 1.320000000000000000e+02
2.233200000000000273e+03 2.000994698683897877e+04 2.448950766141480472e+03 3.607716916242920679e-01 1.320000000000000000e+02
2.233900000000000091e+03 2.024772582211355984e+04 2.448950766141480472e+03 3.629358333942356851e-01 1.320000000000000000e+02
2.234599999999999909e+03 2.045653726364728573e+04 2.448950766141480472e+03 3.651114452953095890e-01 1.320000000000000000e+02
2.235300000000000182e+03 2.007158947460158015e+04 2.448950766141480472e+03 3.672800746331354449e-01 1.320000000000000000e+02
2.236000000000000000e+03 1.928334089039423270e+04 2.448950766141480472e+03 3.694786726984379821e-01 1.320000000000000000e+02
2.236699999999999818e+03 1.934521578691889954e+04 2.448950766141480472e+03 3.716888973725598344e-01 1.320000000000000000e+02
2.237400000000000091e+03 1.958610325409763755e+04 2.448950766141480472e+03 3.739108013954766108e-01 1.320000000000000000e+02
2.238100000000000364e+03 1.985504425846477534e+04 2.448950766141480472e+03 3.761444377025729424e-01 1.320000000000000000e+02
2.238799999999999727e+03 2.043349208297540827e+04 2.448950766141480472e+03 3.783898594266603133e-01 1.320000000000000000e+02
2.239500000000000000e+03 2.031612263470625840e+04 2.448950766141480472e+03 3.806471198938681799e-01 1.320000000000000000e+02
2.240200000000000273e+03 1.975663914663579635e+04 2.448950766141480472e+03 3.829162726287961838e-01 1.320000000000000000e+02
2.240900000000000091e+03 1.950009321982607071e+04 2.448950766141480472e+03 3.851973713536108179e-01 1.320000000000000000e+02
2.241599999999999909e+03 1.962861673053693812e+04 2.448950766141480472e+03 3.874904699878307657e-01 1.320000000000000000e+02
2.242300000000000182e+03 1.995975172781556830e+04 2.448950766141480472e+03 3.897956226485873588e-01 1.320000000000000000e+02
2.243000000000000000e+03 1.959662356242488386e+04 2.448950766141480472e+03 3.921128836534266693e-01 1.320000000000000000e+02
2.243699999999999818e+03 1.876177598843583837e+04 2.448950766141480472e+03 3.944423075185949368e-01 1.320000000000000000e+02
2.244400000000000091e+03 1.911864459816810268e+04 2.448950766141480472e+03 3.967839489595400559e-01 1.320000000000000000e+02
2.245099999999999909e+03 1.991849116857426998e+04 2.448950766141480472e+03 3.989892909764385931e-01 1.320000000000000000e+02
2.245800000000000182e+03 1.913163841195029818e+04 2.448950766141480472e+03 4.013546499137982115e-01 1.320000000000000000e+02
2.246500000000000000e+03 1.778001796519880008e+04 2.448950766141480472e+03 4.037323889779356190e-01 1.320000000000000000e+02
2.247199999999999818e+03 1.761969920564474523e+04 2.448950766141480472e+03 4.061225618639991986e-01 1.320000000000000000e+02
2.247900000000000091e+03 1.916609501857068608e+04 2.448950766141480472e+03 4.085252242749103369e-01 1.320000000000000000e+02
2.248600000000000364e+03 2.005129924599742299e+04 2.448950766141480472e+03 4.109404321169771168e-01 1.320000000000000000e+02
2.249299999999999727e+03 1.980571600020586629e+04 2.448950766141480472e+03 4.133682415020501488e-01 1.320000000000000000e+02
2.250000000000000000e+03 1.930502803187006430e+04 2.448950766141480472e+03 4.158087087430124007e-01 1.320000000000000000e+02
2.250700000000000273e+03 1.912011197281507702e+04 2.448950766141480472e+03 4.182618903590870629e-01 1.320000000000000000e+02
2.251399999999999636e+03 1.945085265882416570e+04 2.448950766141480472e+03 4.207278430764405108e-01 1.320000000000000000e+02
2.252099999999999909e+03 1.939910606204297073e+04 2.448950766141480472e+03 4.232066238238383349e-01 1.320000000000000000e+02
2.252800000000000182e+03 1.902634501214493139e+04 2.448950766141480472e+03 4.256982897383264075e-01 1.320000000000000000e+02
2.253500000000000000e+03 1.839988016330253231e+04 2.448950766141480472e+03 4.282028981641737841e-01 1.320000000000000000e+02
2.254199999999999818e+03 1.813350835306490990e+04 2.448950766141480472e+03 4.307205066525869874e-01 1.320000000000000000e+02
2.254900000000000091e+03 1.850466329453916114e+04 2.448950766141480472e+03 4.332511701516875147e-01 1.320000000000000000e+02
2.255599999999999909e+03 1.821296537933395666e+04 2.448950766141480472e+03 4.355620861806543398e-01 1.320000000000000000e+02
2.256300000000000182e+03 1.766850233743945137e+04 2.448950766141480472e+03 4.381176759253164743e-01 1.320000000000000000e+02
2.257000000000000000e+03 1.751390661446377999e+04 2.448950766141480472e+03 4.406864909523717788e-01 1.320000000000000000e+02
2.257699999999999818e+03 1.822334700749065814e+04 2.448950766141480472e+03 4.432685898273496239e-01 1.320000000000000000e+02
2.258400000000000091e+03 1.885831864572007544e+04 2.448950766141480472e+03 4.458640313255705645e-01 1.320000000000000000e+02
2.259099999999999909e+03 1.932103820905740577e+04 2.448950766141480472e+03 4.484728744352887708e-01 1.320000000000000000e+02
2.259799999999999727e+03 1.893006394955112410e+04 2.448950766141480472e+03 4.510951783556741423e-01 1.320000000000000000e+02
2.260500000000000000e+03 1.790020855291681437e+04 2.448950766141480472e+03 4.537310024976131118e-01 1.320000000000000000e+02
2.261200000000000273e+03 1.674272174290277690e+04 2.448950766141480472e+03 4.563804064851420539e-01 1.320000000000000000e+02
2.261899999999999636e+03 1.651015065822968972e+04 2.448950766141480472e+03 4.590434501578011806e-01 1.320000000000000000e+02
2.262599999999999909e+03 1.772264051895019293e+04 2.448950766141480472e+03 4.617201935655511624e-01 1.320000000000000000e+02
2.263300000000000182e+03 1.821939116172078138e+04 2.448950766141480472e+03 4.644106969749475233e-01 1.320000000000000000e+02
2.264000000000000000e+03 1.754047292226698119e+04 2.448950766141480472e+03 4.671150208679372140e-01 1.320000000000000000e+02
2.264699999999999818e+03 1.724785747264721795e+04 2.448950766141480472e+03 4.698332259415196610e-01 1.320000000000000000e+02
2.265400000000000091e+03 1.824307569371938007e+04 2.448950766141480472e+03 4.695854405902806228e-01 1.320000000000000000e+02
2.266099999999999909e+03 1.935687700844538995e+04 2.448950766141480472e+03 4.723142741322262639e-01 1.320000000000000000e+02
2.266799999999999727e+03 1.914198717330962245e+04 2.448950766141480472e+03 4.750570835559007055e-01 1.320000000000000000e+02
2.267500000000000000e+03 1.786661349604810675e+04 2.448950766141480472e+03 4.778139300376005316e-01 1.320000000000000000e+02
2.268200000000000273e+03 1.579487942715176905e+04 2.448950766141480472e+03 4.805848749712771650e-01 1.320000000000000000e+02
2.268900000000000091e+03 1.542613416559306097e+04 2.448950766141480472e+03 4.833699799691243415e-01 1.320000000000000000e+02
2.269599999999999909e+03 1.724726905503911985e+04 2.448950766141480472e+03 4.861693068608906043e-01 1.320000000000000000e+02
2.270300000000000182e+03 1.790205405090532440e+04 2.448950766141480472e+03 4.889829176940949651e-01 1.320000000000000000e+02
2.271000000000000000e+03 1.838373067960647677e+04 2.448950766141480472e+03 4.918108747377511469e-01 1.320000000000000000e+02
2.271700000000000273e+03 1.796817919078096384e+04 2.448950766141480472e+03 4.946532404781817105e-01 1.320000000000000000e+02
2.272400000000000091e+03 1.725158447239100497e+04 2.448950766141480472e+03 4.975100776243395750e-01 1.320000000000000000e+02
2.273099999999999909e+03 1.802443763687730825e+04 2.448950766141480472e+03 5.003814491051946645e-01 1.320000000000000000e+02
2.273800000000000182e+03 1.874731921664554466e+04 2.448950766141480472e+03 5.032674180702593203e-01 1.320000000000000000e+02
2.274500000000000000e+03 1.814950485476218091e+04 2.448950766141480472e+03 5.061680478930804528e-01 1.320000000000000000e+02
2.275199999999999818e+03 1.592658785614250883e+04 2.448950766141480472e+03 5.054603808683724164e-01 1.320000000000000000e+02
2.275900000000000091e+03 1.502070574912494340e+04 2.448950766141480472e+03 5.083696703109475967e-01 1.320000000000000000e+02
2.276600000000000364e+03 1.616690190715173230e+04 2.448950766141480472e+03 5.112937063664438897e-01 1.320000000000000000e+02
2.277299999999999727e+03 1.732877951102395309e+04 2.448950766141480472e+03 5.142325528455058414e-01 1.320000000000000000e+02
2.278000000000000000e+03 1.827112419249116647e+04 2.448950766141480472e+03 5.171862737786433462e-01 1.320000000000000000e+02
2.278700000000000273e+03 1.883348016933591134e+04 2.448950766141480472e+03 5.201549334225382681e-01 1.320000000000000000e+02
2.279400000000000091e+03 1.909558747932448750e+04 2.448950766141480472e+03 5.231385962586596605e-01 1.320000000000000000e+02
2.280099999999999909e+03 1.815348898867730168e+04 2.448950766141480472e+03 5.261373269928032448e-01 1.320000000000000000e+02
2.280800000000000182e+03 1.710758854868102571e+04 2.448950766141480472e+03 5.291511905552868100e-01 1.320000000000000000e+02
2.281500000000000000e+03 1.768413310658684713e+04 2.448950766141480472e+03 5.321802521045987389e-01 1.320000000000000000e+02
2.282199999999999818e+03 1.707498457038811830e+04 2.448950766141480472e+03 5.352245770249056678e-01 1.320000000000000000e+02
2.282900000000000091e+03 1.528607774304607301e+04 2.448950766141480472e+03 5.382842309265702951e-01 1.320000000000000000e+02
2.283599999999999909e+03 1.555452069654995466e+04 2.448950766141480472e+03 5.413592796502104676e-01 1.320000000000000000e+02
2.284300000000000182e+03 1.661153118980775253e+04 2.448950766141480472e+03 5.444497892620371315e-01 1.320000000000000000e+02
2.285000000000000000e+03 1.711010955906839081e+04 2.448950766141480472e+03 5.472537527555015879e-01 1.320000000000000000e+02
2.285699999999999818e+03 1.752057525284347139e+04 2.448950766141480472e+03 5.500683821534909645e-01 1.320000000000000000e+02
2.286400000000000091e+03 1.814949750848118128e+04 2.448950766141480472e+03 5.532022031429361109e-01 1.320000000000000000e+02
2.287099999999999909e+03 1.816249412376690816e+04 2.448950766141480472e+03 5.563517341920162229e-01 1.320000000000000000e+02
2.287799999999999727e+03 1.815806962527790529e+04 2.448950766141480472e+03 5.595170424444614321e-01 1.320000000000000000e+02
2.288500000000000000e+03 1.786457443221615904e+04 2.448950766141480472e+03 5.626981952748141280e-01 1.320000000000000000e+02
2.289200000000000273e+03 1.620854566859626721e+04 2.448950766141480472e+03 5.658952602900857443e-01 1.320000000000000000e+02
2.289899999999999636e+03 1.481402101324985233e+04 2.448950766141480472e+03 5.691083053325434182e-01 1.320000000000000000e+02
2.290599999999999909e+03 1.568868765276148224e+04 2.448950766141480472e+03 5.723373984733243214e-01 1.320000000000000000e+02
2.291300000000000182e+03 1.587554262666407703e+04 2.448950766141480472e+03 5.755826080199426542e-01 1.320000000000000000e+02
2.292000000000000000e+03 1.544112704330499218e+04 2.448950766141480472e+03 5.788440025147029155e-01 1.320000000000000000e+02
2.292699999999999818e+03 1.602520496763196024e+04 2.448950766141480472e+03 5.821216507341645530e-01 1.320000000000000000e+02
2.293400000000000091e+03 1.650154730149636816e+04 2.448950766141480472e+03 5.854156216892828501e-01 1.320000000000000000e+02
2.294099999999999909e+03 1.559013340308424267e+04 2.448950766141480472e+03 5.887259846294207177e-01 1.320000000000000000e+02
2.294799999999999727e+03 1.396309707831481683e+04 2.448950766141480472e+03 5.920528090393667453e-01 1.320000000000000000e+02
2.295500000000000000e+03 1.297214183211985619e+04 2.448950766141480472e+03 5.944534302645290147e-01 1.320000000000000000e+02
2.296199999999999818e+03 1.441506740999109570e+04 2.448950766141480472e+03 5.978080669524975521e-01 1.320000000000000000e+02
2.296900000000000091e+03 1.656936519859848704e+04 2.448950766141480472e+03 6.011793485930566616e-01 1.320000000000000000e+02
2.297599999999999909e+03 1.670846212656131684e+04 2.448950766141480472e+03 6.045673455133480090e-01 1.320000000000000000e+02
2.298299999999999727e+03 1.481183767542002897e+04 2.448950766141480472e+03 6.079721282785716108e-01 1.320000000000000000e+02
2.299000000000000000e+03 1.445907460577396523e+04 2.448950766141480472e+03 6.113937676929270815e-01 1.320000000000000000e+02
2.299700000000000273e+03 1.486057210422122625e+04 2.448950766141480472e+03 6.148323348013545742e-01 1.320000000000000000e+02
2.300399999999999636e+03 1.460000182675020187e+04 2.448950766141480472e+03 6.182879008925482589e-01 1.320000000000000000e+02
2.301099999999999909e+03 1.557464855656091095e+04 2.448950766141480472e+03 6.217605374919440431e-01 1.320000000000000000e+02
2.301800000000000182e+03 1.651827457819577830e+04 2.448950766141480472e+03 6.252503163698727162e-01 1.320000000000000000e+02
2.302500000000000000e+03 1.622133799782988899e+04 2.448950766141480472e+03 6.287573095397654965e-01 1.320000000000000000e+02
2.303199999999999818e+03 1.546656958873410986e+04 2.448950766141480472e+03 6.322815892575345265e-01 1.320000000000000000e+02
2.303900000000000091e+03 1.461280934167198211e+04 2.448950766141480472e+03 6.358232280221128851e-01 1.320000000000000000e+02
2.304600000000000364e+03 1.490153584610338839e+04 2.448950766141480472e+03 6.393822985772724676e-01 1.320000000000000000e+02
2.305299999999999727e+03 1.579400168028250664e+04 2.448950766141480472e+03 6.413332200354450174e-01 1.320000000000000000e+02
2.306000000000000000e+03 1.623457687875029842e+04 2.448950766141480472e+03 6.449182859488326036e-01 1.320000000000000000e+02
2.306700000000000273e+03 1.630744431387853183e+04 2.448950766141480472e+03 6.485209587282954047e-01 1.320000000000000000e+02
2.307400000000000091e+03 1.613354625247865079e+04 2.448950766141480472e+03 6.521413119160540672e-01 1.320000000000000000e+02
2.308099999999999909e+03 1.676923470213680048e+04 2.448950766141480472e+03 6.557794193002238758e-01 1.320000000000000000e+02
2.308800000000000182e+03 1.722511510582388291e+04 2.448950766141480472e+03 6.594353549149655214e-01 1.320000000000000000e+02
2.309500000000000000e+03 1.691348126439107000e+04 2.448950766141480472e+03 6.631091930448871352e-01 1.320000000000000000e+02
2.310199999999999818e+03 1.748832863521996114e+04 2.448950766141480472e+03 6.668010082218293055e-01 1.320000000000000000e+02
2.310900000000000091e+03 1.815826058949446087e+04 2.448950766141480472e+03 6.705108752254129723e-01 1.320000000000000000e+02
2.311599999999999909e+03 1.784112047039154641e+04 2.448950766141480472e+03 6.742388690879497215e-01 1.320000000000000000e+02
2.312300000000000182e+03 1.794079211552566994e+04 2.448950766141480472e+03 6.779850650885282937e-01 1.320000000000000000e+02
2.313000000000000000e+03 1.866257224616789244e+04 2.448950766141480472e+03 6.817495387601399948e-01 1.320000000000000000e+02
2.313699999999999818e+03 1.886099520518675490e+04 2.448950766141480472e+03 6.855323658859046043e-01 1.320000000000000000e+02
2.314400000000000091e+03 1.852944820647159941e+04 2.448950766141480472e+03 6.893336225000746831e-01 1.320000000000000000e+02
2.315100000000000364e+03 1.747059988874641567e+04 2.448950766141480472e+03 6.907189231189728718e-01 1.320000000000000000e+02
2.315799999999999727e+03 1.472472822682846163e+04 2.448950766141480472e+03 6.945437572444316254e-01 1.320000000000000000e+02
2.316500000000000000e+03 1.064370869095779562e+04 2.448950766141480472e+03 6.983872145072499427e-01 1.320000000000000000e+02
2.317200000000000273e+03 8.989641297455269523e+03 2.448950766141480472e+03 7.022493421254779600e-01 1.320000000000000000e+02
2.317899999999999636e+03 9.975966919409192997e+03 2.448950766141480472e+03 7.061302171344495671e-01 1.320000000000000000e+02
2.318599999999999909e+03 1.191165153398225812e+04 2.448950766141480472e+03 7.100299168187127474e-01 1.320000000000000000e+02
2.319300000000000182e+03 1.373863473564212836e+04 2.448950766141480472e+03 7.139485187212510908e-01 1.320000000000000000e+02
2.320000000000000000e+03 1.453419317709688039e+04 2.448950766141480472e+03 7.178861006413805868e-01 1.320000000000000000e+02
2.320699999999999818e+03 1.480867370606923760e+04 2.448950766141480472e+03 7.218427406339628094e-01 1.320000000000000000e+02
2.321400000000000091e+03 1.371641000573185556e+04 2.448950766141480472e+03 7.258185170094819672e-01 1.320000000000000000e+02
2.322099999999999909e+03 1.169435933461508284e+04 2.448950766141480472e+03 7.298135083393352263e-01 1.320000000000000000e+02
2.322800000000000182e+03 1.108978350765880350e+04 2.448950766141480472e+03 7.338277934493870891e-01 1.320000000000000000e+02
2.323500000000000000e+03 1.261920850015221549e+04 2.448950766141480472e+03 7.378614514276424785e-01 1.320000000000000000e+02
2.324199999999999818e+03 1.514242414774337158e+04 2.448950766141480472e+03 7.419145616201012761e-01 1.320000000000000000e+02
2.324900000000000091e+03 1.610818818637734694e+04 2.448950766141480472e+03 7.459871661930516096e-01 1.320000000000000000e+02
2.325599999999999909e+03 1.588427152975728131e+04 2.448950766141480472e+03 7.469824339029491611e-01 1.320000000000000000e+02
2.326299999999999727e+03 1.628725134560034348e+04 2.448950766141480472e+03 7.510774014922894093e-01 1.320000000000000000e+02
2.327000000000000000e+03 1.679936862437883974e+04 2.448950766141480472e+03 7.551920596469794411e-01 1.320000000000000000e+02
2.327700000000000273e+03 1.636369268105650008e+04 2.448950766141480472e+03 7.593264886855528584e-01 1.320000000000000000e+02
2.328399999999999636e+03 1.503107536184563833e+04 2.448950766141480472e+03 7.634807691919103245e-01 1.320000000000000000e+02
2.329099999999999909e+03 1.532605910155723905e+04 2.448950766141480472e+03 7.676549820065574625e-01 1.320000000000000000e+02
2.329800000000000182e+03 1.630112122920163711e+04 2.448950766141480472e+03 7.718492082365392415e-01 1.320000000000000000e+02
2.330500000000000000e+03 1.573595155862671709e+04 2.448950766141480472e+03 7.760635292531222751e-01 1.320000000000000000e+02
2.331199999999999818e+03 1.443458319894964370e+04 2.448950766141480472e+03 7.802980266908911000e-01 1.320000000000000000e+02
2.331900000000000091e+03 1.437924647145167728e+04 2.448950766141480472e+03 7.845527824478031320e-01 1.320000000000000000e+02
2.332599999999999909e+03 1.555276233422893893e+04 2.448950766141480472e+03 7.888278786903445416e-01 1.320000000000000000e+02
2.333299999999999727e+03 1.614511063641377405e+04 2.448950766141480472e+03 7.931233978495987325e-01 1.320000000000000000e+02
2.334000000000000000e+03 1.550039014239843527e+04 2.448950766141480472e+03 7.974394226223117110e-01 1.320000000000000000e+02
2.334700000000000273e+03 1.436897113574073956e+04 2.448950766141480472e+03 8.017760359735387476e-01 1.320000000000000000e+02
2.335400000000000091e+03 1.411994547523022811e+04 2.448950766141480472e+03 8.020729613854876705e-01 1.320000000000000000e+02
2.336099999999999909e+03 1.494997686177131254e+04 2.448950766141480472e+03 8.064289503999479969e-01 1.320000000000000000e+02
2.336800000000000182e+03 1.580597981046160567e+04 2.448950766141480472e+03 8.108056735344083554e-01 1.320000000000000000e+02
2.337500000000000000e+03 1.545378980809619679e+04 2.448950766141480472e+03 8.152032144079472964e-01 1.320000000000000000e+02
2.338200000000000273e+03 1.335535051678819946e+04 2.448950766141480472e+03 8.196216569043839328e-01 1.320000000000000000e+02
2.338900000000000091e+03 1.190201381429593675e+04 2.448950766141480472e+03 8.240610851807771420e-01 1.320000000000000000e+02
2.339599999999999909e+03 1.101747645380764880e+04 2.448950766141480472e+03 8.285215836627563002e-01 1.320000000000000000e+02
2.340300000000000182e+03 9.812280064585556829e+03 2.448950766141480472e+03 8.330032370450868306e-01 1.320000000000000000e+02
2.341000000000000000e+03 9.885953147824146072e+03 2.448950766141480472e+03 8.375061302970914223e-01 1.320000000000000000e+02
2.341699999999999818e+03 1.046359679814525043e+04 2.448950766141480472e+03 8.420303486584527208e-01 1.320000000000000000e+02
2.342400000000000091e+03 1.227654458545697707e+04 2.448950766141480472e+03 8.465759776403067871e-01 1.320000000000000000e+02
2.343100000000000364e+03 1.376891033861027245e+04 2.448950766141480472e+03 8.511431030274781984e-01 1.320000000000000000e+02
2.343799999999999727e+03 1.382362330154962365e+04 2.448950766141480472e+03 8.557318108824157887e-01 1.320000000000000000e+02
2.344500000000000000e+03 1.263818531562397948e+04 2.448950766141480472e+03 8.603421875353277626e-01 1.320000000000000000e+02
2.345200000000000273e+03 1.148948800688685151e+04 2.448950766141480472e+03 8.599698649003814088e-01 1.320000000000000000e+02
2.345900000000000091e+03 1.256123753671735540e+04 2.448950766141480472e+03 8.645969128987738284e-01 1.320000000000000000e+02
2.346599999999999909e+03 1.265006715994720253e+04 2.448950766141480472e+03 8.692457634737630334e-01 1.320000000000000000e+02
2.347300000000000182e+03 1.147608616459132645e+04 2.448950766141480472e+03 8.739165035540538140e-01 1.320000000000000000e+02
2.348000000000000000e+03 1.107175668288484849e+04 2.448950766141480472e+03 8.786092203482535057e-01 1.320000000000000000e+02
2.348699999999999818e+03 1.205335030238745821e+04 2.448950766141480472e+03 8.833240013396873591e-01 1.320000000000000000e+02
2.349400000000000091e+03 1.144156438927173622e+04 2.448950766141480472e+03 8.880609342869431044e-01 1.320000000000000000e+02
2.350099999999999909e+03 9.839668293873906805e+03 2.448950766141480472e+03 8.928201072302153207e-01 1.320000000000000000e+02
2.350800000000000182e+03 8.811158501369132864e+03 2.448950766141480472e+03 8.976016084833029485e-01 1.320000000000000000e+02
2.351500000000000000e+03 7.512943263282208136e+03 2.448950766141480472e+03 9.024055266428480104e-01 1.320000000000000000e+02
2.352199999999999818e+03 6.270331385300866714e+03 2.448950766141480472e+03 9.072319505831909492e-01 1.320000000000000000e+02
2.352900000000000091e+03 8.129753913574197213e+03 2.448950766141480472e+03 9.120809694574931736e-01 1.320000000000000000e+02
2.353600000000000364e+03 1.132681986264027182e+04 2.448950766141480472e+03 9.169526727001174882e-01 1.320000000000000000e+02
2.354299999999999727e+03 1.328027426102026038e+04 2.448950766141480472e+03 9.218471500308307309e-01 1.320000000000000000e+02
2.355000000000000000e+03 1.320784800757497214e+04 2.448950766141480472e+03 9.248078355788166283e-01 1.320000000000000000e+02
2.355700000000000273e+03 1.171084051101234945e+04 2.448950766141480472e+03 9.277725587899884330e-01 1.320000000000000000e+02
2.356399999999999636e+03 1.118943459336327396e+04 2.448950766141480472e+03 9.327149518854666033e-01 1.320000000000000000e+02
2.357099999999999909e+03 1.186599168217465194e+04 2.448950766141480472e+03 9.376803831109568055e-01 1.320000000000000000e+02
2.357800000000000182e+03 1.138236616452822636e+04 2.448950766141480472e+03 9.426689432138893876e-01 1.320000000000000000e+02
2.358500000000000000e+03 9.641298766571035230e+03 2.448950766141480472e+03 9.476807232260138214e-01 1.320000000000000000e+02
2.359199999999999818e+03 1.211220714734083049e+04 2.448950766141480472e+03 9.527158144621653557e-01 1.320000000000000000e+02
2.359900000000000091e+03 1.512661794835134242e+04 2.448950766141480472e+03 9.577743085201890771e-01 1.320000000000000000e+02
2.360599999999999909e+03 1.531908662956323860e+04 2.448950766141480472e+03 9.628562972877737769e-01 1.320000000000000000e+02
2.361300000000000182e+03 1.427612717764259105e+04 2.448950766141480472e+03 9.679618729337492455e-01 1.320000000000000000e+02
2.362000000000000000e+03 1.407182733921772160e+04 2.448950766141480472e+03 9.730911279180146645e-01 1.320000000000000000e+02
2.362699999999999818e+03 1.415024296899065848e+04 2.448950766141480472e+03 9.782441549859521857e-01 1.320000000000000000e+02
2.363400000000000091e+03 1.193581085267788330e+04 2.448950766141480472e+03 9.834210471689546207e-01 1.320000000000000000e+02
2.364099999999999909e+03 1.070750004979264850e+04 2.448950766141480472e+03 9.886218977907664796e-01 1.320000000000000000e+02
2.364799999999999727e+03 1.307812601171604729e+04 2.448950766141480472e+03 9.938468004616708429e-01 1.320000000000000000e+02
2.365500000000000000e+03 1.486076057893279176e+04 2.448950766141480472e+03 9.940724434190022496e-01 1.320000000000000000e+02
2.366200000000000273e+03 1.405226548164173983e+04 2.448950766141480472e+03 9.993192183386024885e-01 1.320000000000000000e+02
2.366899999999999636e+03 1.131697680059738013e+04 2.448950766141480472e+03 1.004590205530722979e+00 1.320000000000000000e+02
2.367599999999999909e+03 9.602647173196015501e+03 2.448950766141480472e+03 1.009885499288700084e+00 1.320000000000000000e+02
2.368300000000000182e+03 9.777533423047569158e+03 2.448950766141480472e+03 1.015205194201138639e+00 1.320000000000000000e+02
2.369000000000000000e+03 9.418485062766263582e+03 2.448950766141480472e+03 1.020549385148677102e+00 1.320000000000000000e+02
2.369699999999999818e+03 8.749358492735107575e+03 2.448950766141480472e+03 1.025918167302616535e+00 1.320000000000000000e+02
2.370400000000000091e+03 5.225420919703853542e+03 2.448950766141480472e+03 1.031311636125491482e+00 1.320000000000000000e+02
2.371100000000000364e+03 3.270498438539327708e+03 2.448950766141480472e+03 1.036729887373670556e+00 1.320000000000000000e+02
2.371799999999999727e+03 5.234494660435738297e+03 2.448950766141480472e+03 1.042173017102036470e+00 1.320000000000000000e+02
2.372500000000000000e+03 8.286193704492890902e+03 2.448950766141480472e+03 1.047641121651812002e+00 1.320000000000000000e+02
2.373200000000000273e+03 1.049011140791889375e+04 2.448950766141480472e+03 1.053134297663942398e+00 1.320000000000000000e+02
2.373900000000000091e+03 1.195790401072663008e+04 2.448950766141480472e+03 1.058652642075685213e+00 1.320000000000000000e+02
2.374599999999999909e+03 1.267568263024171392e+04 2.448950766141480472e+03 1.064196252119222974e+00 1.320000000000000000e+02
2.375300000000000182e+03 1.259602051357181699e+04 2.448950766141480472e+03 1.064058891552286834e+00 1.320000000000000000e+02
2.376000000000000000e+03 1.000536345584829542e+04 2.448950766141480472e+03 1.069623483952294896e+00 1.320000000000000000e+02
2.376699999999999818e+03 7.227392153437986963e+03 2.448950766141480472e+03 1.075213499126947081e+00 1.320000000000000000e+02
2.377400000000000091e+03 7.177114084449565780e+03 2.448950766141480472e+03 1.080829034972423219e+00 1.320000000000000000e+02
2.378099999999999909e+03 6.746355498217161767e+03 2.448950766141480472e+03 1.086470189687501309e+00 1.320000000000000000e+02
2.378800000000000182e+03 8.499159107376612155e+03 2.448950766141480472e+03 1.092137061763678973e+00 1.320000000000000000e+02
2.379500000000000000e+03 9.603591305245869080e+03 2.448950766141480472e+03 1.097829749996325432e+00 1.320000000000000000e+02
2.380199999999999818e+03 9.388336342920370953e+03 2.448950766141480472e+03 1.103548353477534993e+00 1.320000000000000000e+02
