1.144140818457449871e-05
8.917583123701011759e-05
5.347955328099502178e-05
5.714620338448247138e-05
9.155157959834133157e-05
8.191676185259987963e-05
6.438078527884263393e-05
7.949380904072894812e-05
6.094517258732724894e-05
3.231088152806319968e-05
6.940205238853756995e-05
5.137280838594354124e-05
8.356823784521072711e-05
6.888348927864900665e-05
9.140659633582628562e-05
1.006282465341631601e-04
7.640546236399081476e-05
1.094149743894732614e-04
8.097740639897647700e-05
1.036222923866328953e-04
8.572726226367498445e-05
1.301713420123307532e-04
1.531709477816365923e-04
1.665296188586225007e-04
1.831922625685691180e-04
1.854024532861439016e-04
1.733989435425340440e-04
1.785513289930630359e-04
1.958460837588460587e-04
1.983910307694081447e-04
1.983820514128232300e-04
2.088079338161079985e-04
2.209887308088494501e-04
2.295661100964216481e-04
2.455867265554328993e-04
2.101718253838257846e-04
2.466796060334696923e-04
2.997641668254646822e-04
2.563141798823424734e-04
2.752616563477387518e-04
2.612930416630158178e-04
3.019800725108897407e-04
3.631632660800317115e-04
3.423943021412150845e-04
4.250263953365619957e-04
4.273540590880425794e-04
4.228934242527587696e-04
4.634507857264835132e-04
4.970659702549709699e-04
5.140875899112841950e-04
5.330347416168891485e-04
5.870544729522627963e-04
5.947625234786409502e-04
7.139455156493168747e-04
7.406697106336223744e-04
8.050574646627305748e-04
8.023413709839443374e-04
8.766963271001569072e-04
9.387200521500560675e-04
9.852644329512480047e-04
1.055607841204116853e-03
1.158986640218109083e-03
1.243528556731806093e-03
1.359074623798570353e-03
1.485687473689500460e-03
1.550147807937335724e-03
1.694953030574180902e-03
1.902208182714733601e-03
2.049195030397414803e-03
2.279261821613877935e-03
2.560406945582096444e-03
2.951835800058901383e-03
3.198418629282723767e-03
3.664504573500026834e-03
4.101464724112260582e-03
4.623487399330859088e-03
5.226361890604891598e-03
6.045542993522456249e-03
7.029635850474794979e-03
8.516356444266556802e-03
1.085746566016325583e-02
1.459182837998682786e-02
1.984108106864530818e-02
2.821301746378888572e-02
4.233243245967286544e-02
6.467813196350863381e-02
9.760992583741161244e-02
1.437507263685967318e-01
2.035269628048516355e-01
2.783162529078963554e-01
3.580205956467679140e-01
4.473448346621771154e-01
5.372629906683035195e-01
6.309970366485894155e-01
7.197564157222363646e-01
7.981653058243468601e-01
8.654557680819718879e-01
9.224141050350068705e-01
9.665400272627673317e-01
9.877342890178708590e-01
1.000000000000000000e+00
9.947468447232186151e-01
9.734391045066999038e-01
9.352644675862640256e-01
8.752268933098417136e-01
8.054133093704621826e-01
7.197982817784700504e-01
6.294389794104169322e-01
5.416793335222463979e-01
4.478449989343184501e-01
3.587468169476089597e-01
2.778028644068110120e-01
2.080809548514886420e-01
1.515438142533407362e-01
1.073474961847417364e-01
7.734774041147927937e-02
5.603635300563194338e-02
4.014519336935615940e-02
3.034492847478044431e-02
2.360295740324274208e-02
1.789692737193799774e-02
1.441919690229788616e-02
1.160516700100512610e-02
9.228624809414786440e-03
7.548926361299197231e-03
6.199510044086162762e-03
5.377403378243231225e-03
4.671854471467124480e-03
4.037709595037253414e-03
3.497900608337690086e-03
3.082140979107735566e-03
2.702814463032845570e-03
2.464911618342645935e-03
2.177637006432478744e-03
1.981420203442162652e-03
1.768328772238936860e-03
1.583279314900244922e-03
1.480946165993062306e-03
1.383613784797037586e-03
1.316444174802568418e-03
1.216372496017650200e-03
1.112843321643581639e-03
1.030119177303340759e-03
9.576538827322677487e-04
9.525199541332443967e-04
8.717949486938805694e-04
8.007398715953266931e-04
7.496388636152169450e-04
7.212787450713881599e-04
6.549501443868576767e-04
6.401033728573420544e-04
6.045525378840834732e-04
5.456148000199369458e-04
5.560671227795599978e-04
5.261941341185702101e-04
5.204098533087545995e-04
4.613925525778121511e-04
4.536523534498787123e-04
4.346142796934196798e-04
4.420622415475908588e-04
3.956843042002994326e-04
3.750233594191532301e-04
3.297332047073866438e-04
3.297285598537472357e-04
3.820453609941598769e-04
3.111952674454409608e-04
2.963987968576633136e-04
3.105613708010492588e-04
3.161447283869477901e-04
3.156093115330455153e-04
2.576039929407215813e-04
2.460917114777711606e-04
2.275131617240293931e-04
2.567957069289884212e-04
2.416789142247704038e-04
2.171201394064108483e-04
2.529274124306989807e-04
2.376749910444259149e-04
1.934637882722662554e-04
1.757144127975212276e-04
1.927668388006143927e-04
1.669506445386676288e-04
1.619268620811887508e-04
1.767459411182853424e-04
1.413039642862664626e-04
1.829473599746361812e-04
1.320919955708619491e-04
1.613802894959406235e-04
1.363203591256115146e-04
1.435655804327345215e-04
1.234094944582031928e-04
1.315923542440952491e-04
1.191330360321857522e-04
9.573813257933920073e-05
1.244508252656417019e-04
1.290526869947126608e-04
8.361749648847744223e-05
9.509502927619702323e-05
1.366371565451560968e-04
1.244303582786777213e-04
