2040.00000000 0.16550692 0.45456300 0.69063818
2040.70000000 0.16574243 0.45502010 0.69164834
2041.40000000 0.16597794 0.45547720 0.69195855
2042.10000000 0.16623780 0.45593430 0.69259483
2042.80000000 0.16649943 0.45639140 0.69283270
2043.50000000 0.16676105 0.45684850 0.69321710
2044.20000000 0.16702267 0.45730560 0.69359970
2044.90000000 0.16728430 0.45776270 0.69377953
2045.60000000 0.16754592 0.45788620 0.69627841
2046.30000000 0.16780755 0.45795410 0.69632897
2047.00000000 0.16806917 0.45802200 0.69634203
2047.70000000 0.16833079 0.45808990 0.69597827
2048.40000000 0.16859242 0.45815780 0.69582765
2049.10000000 0.16880909 0.45822570 0.69547379
2049.80000000 0.16893688 0.45829360 0.69503946
2050.50000000 0.16906467 0.45870920 0.69497609
2051.20000000 0.16919246 0.45926388 0.69492682
2051.90000000 0.16932025 0.45981856 0.69490859
2052.60000000 0.16944803 0.46037324 0.69455700
2053.30000000 0.16957582 0.46092792 0.69443746
2054.00000000 0.16970361 0.46148260 0.69437837
2054.70000000 0.16983140 0.46203728 0.69437071
2055.40000000 0.16995919 0.46237324 0.69638172
2056.10000000 0.17008698 0.46254516 0.69612338
2056.80000000 0.17035034 0.46271708 0.69646183
2057.50000000 0.17066088 0.46288900 0.69653905
2058.20000000 0.17097141 0.46306092 0.69658883
2058.90000000 0.17128194 0.46323284 0.69611680
2059.60000000 0.17159248 0.46340476 0.69557648
2060.30000000 0.17190301 0.46359492 0.69542176
2061.00000000 0.17221354 0.46380940 0.69559504
2061.70000000 0.17252407 0.46402388 0.69598609
2062.40000000 0.17283461 0.46423836 0.69596174
2063.10000000 0.17314514 0.46445284 0.69575638
2063.80000000 0.17344799 0.46466732 0.69541990
2064.50000000 0.17370655 0.46488180 0.69568685
2065.20000000 0.17396512 0.46508976 0.69783596
2065.90000000 0.17422368 0.46528142 0.69839578
2066.60000000 0.17448224 0.46547308 0.69814570
2067.30000000 0.17474081 0.46566474 0.69804083
2068.00000000 0.17499937 0.46585640 0.69783470
2068.70000000 0.17525794 0.46604806 0.69947825
2069.40000000 0.17551650 0.46623972 0.69964943
2070.10000000 0.17577506 0.46636818 0.69963907
2070.80000000 0.17603363 0.46611744 0.69884805
2071.50000000 0.17624180 0.46586670 0.69837732
2072.20000000 0.17640936 0.46561596 0.69790325
2072.90000000 0.17657693 0.46536522 0.69700949
2073.60000000 0.17674449 0.46511448 0.69740070
2074.30000000 0.17691206 0.46486374 0.69763017
2075.00000000 0.17707962 0.46461300 0.69939623
2075.70000000 0.17724719 0.46464772 0.70054674
2076.40000000 0.17741476 0.46468244 0.70059468
2077.10000000 0.17758232 0.46471716 0.70062574
2077.80000000 0.17774989 0.46475188 0.69998358
2078.50000000 0.17791745 0.46478660 0.69966603
2079.20000000 0.17801837 0.46482132 0.69939831
2079.90000000 0.17811658 0.46485604 0.70022446
2080.60000000 0.17821480 0.46460096 0.69999311
2081.30000000 0.17831301 0.46429758 0.69982482
2082.00000000 0.17841123 0.46399420 0.69895472
2082.70000000 0.17850945 0.46369082 0.69859904
2083.40000000 0.17860766 0.46338744 0.69840943
2084.10000000 0.17870588 0.46308406 0.69794065
2084.80000000 0.17880409 0.46278068 0.69835935
2085.50000000 0.17890231 0.46294620 0.70018169
2086.20000000 0.17902815 0.46329928 0.70060520
2086.90000000 0.17920134 0.46365236 0.70072773
2087.60000000 0.17937454 0.46400544 0.70027869
2088.30000000 0.17954773 0.46435852 0.70006803
2089.00000000 0.17972093 0.46471160 0.69944089
2089.70000000 0.17989413 0.46506468 0.69917385
2090.40000000 0.18006732 0.46539232 0.69961809
2091.10000000 0.18024052 0.46570088 0.70108428
2091.80000000 0.18041372 0.46600944 0.70134207
2092.50000000 0.18058691 0.46631800 0.70088466
2093.20000000 0.18076011 0.46662656 0.70042315
2093.90000000 0.18101126 0.46693512 0.70055128
2094.60000000 0.18128479 0.46724368 0.70023663
2095.30000000 0.18155832 0.46726130 0.70119999
2096.00000000 0.18183185 0.46689100 0.70092371
2096.70000000 0.18210538 0.46652070 0.70092548
2097.40000000 0.18237891 0.46615040 0.70083522
2098.10000000 0.18265244 0.46578010 0.70054988
2098.80000000 0.18292597 0.46540980 0.70011876
2099.50000000 0.18319950 0.46503950 0.69990214
2100.20000000 0.18347302 0.46488572 0.69971081
2100.90000000 0.18373150 0.46527324 0.70002667
2101.60000000 0.18392448 0.46566076 0.70053893
2102.30000000 0.18411746 0.46604828 0.70075685
2103.00000000 0.18431044 0.46643580 0.70127359
2103.70000000 0.18450342 0.46682332 0.70180967
2104.40000000 0.18469641 0.46721084 0.70188003
2105.10000000 0.18488939 0.46757356 0.70278215
2105.80000000 0.18508237 0.46778748 0.70273136
2106.50000000 0.18527535 0.46800140 0.70202177
2107.20000000 0.18546833 0.46821532 0.70128439
2107.90000000 0.18566132 0.46842924 0.70039979
2108.60000000 0.18582234 0.46864316 0.70062784
2109.30000000 0.18596177 0.46885708 0.70084849
2110.00000000 0.18610120 0.46907100 0.70223025
2110.70000000 0.18624063 0.46943080 0.70269278
2111.40000000 0.18638007 0.46979060 0.70276525
2112.10000000 0.18651950 0.47015040 0.70283156
2112.80000000 0.18665893 0.47051020 0.70189868
2113.50000000 0.18679836 0.47087000 0.70197705
2114.20000000 0.18693780 0.47122980 0.70209659
2114.90000000 0.18707723 0.47158960 0.70237885
2115.60000000 0.18721523 0.47170148 0.70298833
2116.30000000 0.18717981 0.47177204 0.70291742
2117.00000000 0.18714438 0.47184260 0.70248408
2117.70000000 0.18710896 0.47191316 0.70285792
2118.40000000 0.18707353 0.47198372 0.70310771
2119.10000000 0.18703811 0.47205428 0.70377470
2119.80000000 0.18700268 0.47212484 0.70504703
2120.50000000 0.18696726 0.47217150 0.70541352
2121.20000000 0.18693184 0.47220860 0.70574370
2121.90000000 0.18689641 0.47224570 0.70594097
2122.60000000 0.18686099 0.47228280 0.70616356
2123.30000000 0.18681411 0.47231990 0.70608400
2124.00000000 0.18675137 0.47235700 0.70463630
2124.70000000 0.18668864 0.47239410 0.70355775
2125.40000000 0.18662591 0.47224640 0.70426181
2126.10000000 0.18656317 0.47196010 0.70534660
2126.80000000 0.18650044 0.47167380 0.70594084
2127.50000000 0.18643771 0.47138750 0.70586663
2128.20000000 0.18637498 0.47110120 0.70578203
2128.90000000 0.18631224 0.47081490 0.70606814
2129.60000000 0.18624951 0.47052860 0.70634962
2130.30000000 0.18618678 0.47043466 0.70620535
2131.00000000 0.18604570 0.47059720 0.70396544
2131.70000000 0.18588880 0.47075974 0.70440361
2132.40000000 0.18573191 0.47092228 0.70460829
2133.10000000 0.18557502 0.47108482 0.70510659
2133.80000000 0.18541812 0.47124736 0.70585957
2134.50000000 0.18526123 0.47140990 0.70599217
2135.20000000 0.18510434 0.47154088 0.70696537
2135.90000000 0.18494744 0.47159296 0.70750665
2136.60000000 0.18479055 0.47164504 0.70796314
2137.30000000 0.18463366 0.47169712 0.70826671
2138.00000000 0.18450021 0.47174920 0.70978738
2138.70000000 0.18443917 0.47180128 0.71068396
2139.40000000 0.18437813 0.47185336 0.71089721
2140.10000000 0.18431709 0.47186474 0.71126605
2140.80000000 0.18425605 0.47163192 0.71091166
2141.50000000 0.18419502 0.47139910 0.71063942
2142.20000000 0.18413398 0.47116628 0.71029621
2142.90000000 0.18407294 0.47093346 0.70784631
2143.60000000 0.18401190 0.47070064 0.70733643
2144.30000000 0.18395086 0.47046782 0.70726639
2145.00000000 0.18388982 0.47023500 0.70863062
2145.70000000 0.18378580 0.47064352 0.71021643
2146.40000000 0.18365949 0.47105204 0.71049941
2147.10000000 0.18353318 0.47146056 0.71104745
2147.80000000 0.18340687 0.47186908 0.71184694
2148.50000000 0.18328056 0.47227760 0.71078861
2149.20000000 0.18315425 0.47268612 0.70971774
2149.90000000 0.18302794 0.47309464 0.71011246
2150.60000000 0.18290163 0.47329736 0.70887794
2151.30000000 0.18277532 0.47346578 0.70853709
2152.00000000 0.18264901 0.47363420 0.70909953
2152.70000000 0.18251095 0.47380262 0.70896470
2153.40000000 0.18222558 0.47397104 0.70913526
2154.10000000 0.18194020 0.47413946 0.70970656
2154.80000000 0.18165483 0.47430788 0.70956108
2155.50000000 0.18136945 0.47464430 0.70996179
2156.20000000 0.18108408 0.47504792 0.70982883
2156.90000000 0.18079871 0.47545154 0.70972855
2157.60000000 0.18051333 0.47585516 0.70946848
2158.30000000 0.18022796 0.47625878 0.70930620
2159.00000000 0.17994258 0.47666240 0.70855236
2159.70000000 0.17965721 0.47706602 0.70866169
2160.40000000 0.17921992 0.47732492 0.70828588
2161.10000000 0.17862395 0.47747528 0.70710875
2161.80000000 0.17802798 0.47762564 0.70913957
2162.50000000 0.17743201 0.47777600 0.70935143
2163.20000000 0.17683604 0.47792636 0.70944569
2163.90000000 0.17624007 0.47807672 0.70800926
2164.60000000 0.17564410 0.47822708 0.70844737
2165.30000000 0.17504813 0.47828936 0.70865368
2166.00000000 0.17445216 0.47823420 0.70844595
2166.70000000 0.17385619 0.47817904 0.71007007
2167.40000000 0.17326022 0.47812388 0.70994870
2168.10000000 0.17251021 0.47806872 0.70903504
2168.80000000 0.17174390 0.47801356 0.70791454
2169.50000000 0.17097759 0.47795840 0.70809212
2170.20000000 0.17021127 0.47797284 0.70829013
2170.90000000 0.16944496 0.47816128 0.70777578
2171.60000000 0.16867864 0.47834972 0.70937963
2172.30000000 0.16791233 0.47853816 0.70988064
2173.00000000 0.16714602 0.47872660 0.70969215
2173.70000000 0.16637970 0.47891504 0.70808693
2174.40000000 0.16561339 0.47910348 0.70781105
2175.10000000 0.16490612 0.47925496 0.70774104
2175.80000000 0.16432382 0.47918468 0.70906824
2176.50000000 0.16374153 0.47911440 0.70934419
2177.20000000 0.16315924 0.47904412 0.70956352
2177.90000000 0.16257695 0.47897384 0.70921735
2178.60000000 0.16199466 0.47890356 0.70816289
2179.30000000 0.16141237 0.47883328 0.70792207
2180.00000000 0.16083008 0.47876300 0.70887188
2180.70000000 0.16024778 0.47932804 0.71135699
2181.40000000 0.15966549 0.47989308 0.71141891
2182.10000000 0.15908320 0.48045812 0.71079397
2182.80000000 0.15870524 0.48102316 0.70954138
2183.50000000 0.15839954 0.48158820 0.70918227
2184.20000000 0.15809383 0.48215324 0.70881868
2184.90000000 0.15778812 0.48271828 0.70743606
2185.60000000 0.15748241 0.48245316 0.70897767
2186.30000000 0.15717671 0.48204968 0.70947115
2187.00000000 0.15687100 0.48164620 0.70926052
2187.70000000 0.15656529 0.48124272 0.70885397
2188.40000000 0.15625959 0.48083924 0.70887297
2189.10000000 0.15595388 0.48043576 0.70905864
2189.80000000 0.15571167 0.48003228 0.70866874
2190.50000000 0.15581133 0.48026040 0.70881758
2191.20000000 0.15591099 0.48074116 0.70897585
2191.90000000 0.15601065 0.48122192 0.70886241
2192.60000000 0.15611031 0.48170268 0.70815997
2193.30000000 0.15620997 0.48218344 0.70801258
2194.00000000 0.15630963 0.48266420 0.70877117
2194.70000000 0.15640929 0.48314496 0.70948980
2195.40000000 0.15650894 0.48316948 0.70993831
2196.10000000 0.15660860 0.48285182 0.71054725
2196.80000000 0.15670826 0.48253416 0.70928368
2197.50000000 0.15516147 0.48221650 0.70949416
2198.20000000 0.15240214 0.48189884 0.70976448
2198.90000000 0.14964280 0.48158118 0.71026401
2199.60000000 0.14688347 0.48126352 0.70923123
2200.30000000 0.14412414 0.48106070 0.70891405
2201.00000000 0.14136480 0.48101100 0.70908956
2201.70000000 0.13860547 0.48096130 0.71050971
2202.40000000 0.13584614 0.48091160 0.71065776
2203.10000000 0.13308681 0.48086190 0.71066991
2203.80000000 0.13032747 0.48081220 0.71179710
2204.50000000 0.12756814 0.48076250 0.71150300
2205.20000000 0.12539025 0.48071820 0.71108570
2205.90000000 0.12321524 0.48068740 0.71219865
2206.60000000 0.12104024 0.48065660 0.71155351
2207.30000000 0.11886524 0.48062580 0.71121979
2208.00000000 0.11669024 0.48059500 0.71005717
2208.70000000 0.11451523 0.48056420 0.71063426
2209.40000000 0.11234023 0.48053340 0.71081994
2210.10000000 0.11016523 0.48048744 0.71119829
2210.80000000 0.10799022 0.48035052 0.71039060
2211.50000000 0.10581522 0.48021360 0.71036017
2212.20000000 0.10557376 0.48007668 0.71036217
2212.90000000 0.10805115 0.47993976 0.71051125
2213.60000000 0.11052855 0.47980284 0.71031835
2214.30000000 0.11300594 0.47966592 0.71018476
2215.00000000 0.11548334 0.47952900 0.70934663
2215.70000000 0.11796074 0.47936702 0.71071321
2216.40000000 0.12043813 0.47920504 0.71068052
2217.10000000 0.12291553 0.47904306 0.71007295
2217.80000000 0.12539293 0.47888108 0.70917039
2218.50000000 0.12787032 0.47871910 0.70844300
2219.20000000 0.13034772 0.47855712 0.70779119
2219.90000000 0.13137239 0.47839514 0.70911037
2220.60000000 0.13211226 0.47832556 0.71018815
2221.30000000 0.13285213 0.47827138 0.71073435
2222.00000000 0.13359199 0.47821720 0.71267325
2222.70000000 0.13433186 0.47816302 0.71061966
2223.40000000 0.13507173 0.47810884 0.71045384
2224.10000000 0.13581159 0.47805466 0.71061724
2224.80000000 0.13655146 0.47800048 0.71167074
2225.50000000 0.13729133 0.47816710 0.71095839
2226.20000000 0.13803120 0.47842204 0.71047251
2226.90000000 0.13861110 0.47867698 0.70831686
2227.60000000 0.13873082 0.47893192 0.70818121
2228.30000000 0.13885055 0.47918686 0.70832848
2229.00000000 0.13897027 0.47944180 0.71009666
2229.70000000 0.13908999 0.47969674 0.71253205
2230.40000000 0.13920971 0.47984784 0.71244790
2231.10000000 0.13932944 0.47992106 0.71139442
2231.80000000 0.13944916 0.47999428 0.71071975
2232.50000000 0.13956888 0.48006750 0.71032172
2233.20000000 0.13968860 0.48014072 0.70991123
2233.90000000 0.13980833 0.48021394 0.70886720
2234.60000000 0.13989899 0.48028716 0.70888070
2235.30000000 0.13997606 0.48020054 0.70870617
2236.00000000 0.14005312 0.47990080 0.70981918
2236.70000000 0.14013019 0.47960106 0.70986752
2237.40000000 0.14020725 0.47930132 0.70979665
2238.10000000 0.14028432 0.47900158 0.70954960
2238.80000000 0.14036138 0.47870184 0.70836144
2239.50000000 0.14043845 0.47840210 0.70752336
2240.20000000 0.14051551 0.47824352 0.70671625
2240.90000000 0.14059257 0.47843784 0.70642535
2241.60000000 0.14067864 0.47863216 0.70610747
2242.30000000 0.14084200 0.47882648 0.70625384
2243.00000000 0.14100535 0.47902080 0.70863435
2243.70000000 0.14116871 0.47921512 0.70889808
2244.40000000 0.14133206 0.47940944 0.70869996
2245.10000000 0.14149542 0.47963758 0.70746541
2245.80000000 0.14165877 0.48006864 0.70618119
2246.50000000 0.14182213 0.48049970 0.70635876
2247.20000000 0.14198548 0.48093076 0.70656040
2247.90000000 0.14214884 0.48136182 0.70598766
2248.60000000 0.14231219 0.48179288 0.70606952
2249.30000000 0.14266517 0.48222394 0.70616205
2250.00000000 0.14318710 0.48265500 0.70677513
2250.70000000 0.14370902 0.48271086 0.70647111
2251.40000000 0.14423094 0.48276672 0.70608187
2252.10000000 0.14475286 0.48282258 0.70498081
2252.80000000 0.14527478 0.48287844 0.70544424
2253.50000000 0.14579670 0.48293430 0.70541153
2254.20000000 0.14631862 0.48299016 0.70539890
2254.90000000 0.14684054 0.48304602 0.70645757
2255.60000000 0.14736246 0.48267540 0.70607026
2256.30000000 0.14788438 0.48223370 0.70627534
2257.00000000 0.14869098 0.48179200 0.70701881
2257.70000000 0.14951151 0.48135030 0.70708890
2258.40000000 0.15033205 0.48090860 0.70700999
2259.10000000 0.15115258 0.48046690 0.70674630
2259.80000000 0.15197311 0.48002520 0.70696871
2260.50000000 0.15279365 0.47965550 0.70651329
2261.20000000 0.15361418 0.47931460 0.70604365
2261.90000000 0.15443472 0.47897370 0.70584007
2262.60000000 0.15525525 0.47863280 0.70553014
2263.30000000 0.15607579 0.47829190 0.70547492
2264.00000000 0.15678473 0.47795100 0.70590209
2264.70000000 0.15731093 0.47761010 0.70712206
2265.40000000 0.15783714 0.47746728 0.70594025
2266.10000000 0.15836334 0.47747302 0.70614107
2266.80000000 0.15888955 0.47747876 0.70589748
2267.50000000 0.15941576 0.47748450 0.70547578
2268.20000000 0.15994196 0.47749024 0.70509160
2268.90000000 0.16046817 0.47749598 0.70595098
2269.60000000 0.16099437 0.47750172 0.70593645
2270.30000000 0.16152058 0.47753344 0.70603920
2271.00000000 0.16204678 0.47759980 0.70710091
2271.70000000 0.16224414 0.47766616 0.70747858
2272.40000000 0.16236179 0.47773252 0.70744307
2273.10000000 0.16247944 0.47779888 0.70721605
2273.80000000 0.16259709 0.47786524 0.70755004
2274.50000000 0.16271473 0.47793160 0.70774048
2275.20000000 0.16283238 0.47803216 0.70593315
2275.90000000 0.16295003 0.47821822 0.70552365
2276.60000000 0.16306768 0.47840428 0.70551780
2277.30000000 0.16318533 0.47859034 0.70555994
2278.00000000 0.16330298 0.47877640 0.70596982
2278.70000000 0.16341940 0.47896246 0.70647226
2279.40000000 0.16353174 0.47914852 0.70604229
2280.10000000 0.16364409 0.47933890 0.70455138
2280.80000000 0.16375643 0.47955520 0.70471310
2281.50000000 0.16386877 0.47977150 0.70438620
2282.20000000 0.16398112 0.47998780 0.70402954
2282.90000000 0.16409346 0.48020410 0.70331169
2283.60000000 0.16420580 0.48042040 0.70344558
2284.30000000 0.16431815 0.48063670 0.70379945
2285.00000000 0.16443049 0.48085300 0.70554738
2285.70000000 0.16454283 0.48099216 0.70337822
2286.40000000 0.16467368 0.48113132 0.70329794
2287.10000000 0.16481408 0.48127048 0.70336173
2287.80000000 0.16495449 0.48140964 0.70315016
2288.50000000 0.16509490 0.48154880 0.70276495
2289.20000000 0.16523531 0.48168796 0.70239059
2289.90000000 0.16537572 0.48182712 0.70249428
2290.60000000 0.16551613 0.48166832 0.70204484
2291.30000000 0.16565654 0.48145986 0.70188971
2292.00000000 0.16579694 0.48125140 0.70180212
2292.70000000 0.16593735 0.48104294 0.70330780
2293.40000000 0.16608098 0.48083448 0.70399080
2294.10000000 0.16625811 0.48062602 0.70561202
2294.80000000 0.16643524 0.48041756 0.70476160
2295.50000000 0.16661237 0.48035250 0.70275563
2296.20000000 0.16678950 0.48034480 0.70303877
2296.90000000 0.16696664 0.48033710 0.70315521
2297.60000000 0.16714377 0.48032940 0.70221971
2298.30000000 0.16732090 0.48032170 0.70187056
2299.00000000 0.16749803 0.48031400 0.70141853
2299.70000000 0.16767516 0.48030630 0.70093631
2300.40000000 0.16785230 0.48020932 0.70070842
2301.10000000 0.16810467 0.48004538 0.70015978
2301.80000000 0.16842725 0.47988144 0.70033764
2302.50000000 0.16874983 0.47971750 0.70038751
2303.20000000 0.16907240 0.47955356 0.70044756
2303.90000000 0.16939498 0.47938962 0.70092802
2304.60000000 0.16971756 0.47922568 0.70156644
2305.30000000 0.17004013 0.47915744 0.69935722
2306.00000000 0.17036271 0.47921680 0.70011504
2306.70000000 0.17068529 0.47927616 0.69912192
2307.40000000 0.17100786 0.47933552 0.69858677
2308.10000000 0.17133044 0.47939488 0.69725045
2308.80000000 0.17168921 0.47945424 0.69715286
2309.50000000 0.17204995 0.47951360 0.69682196
2310.20000000 0.17241069 0.47958032 0.69648515
2310.90000000 0.17277142 0.47966544 0.69621340
2311.60000000 0.17313216 0.47975056 0.69719960
2312.30000000 0.17349290 0.47983568 0.69751803
2313.00000000 0.17385363 0.47992080 0.69750576
2313.70000000 0.17421437 0.48000592 0.69692725
2314.40000000 0.17457511 0.48009104 0.69709092
2315.10000000 0.17493584 0.48017962 0.69485362
2315.80000000 0.17528421 0.48028896 0.69464027
2316.50000000 0.17561236 0.48039830 0.69395387
2317.20000000 0.17594050 0.48050764 0.69324473
2317.90000000 0.17626865 0.48061698 0.69234653
2318.60000000 0.17659680 0.48072632 0.69252954
2319.30000000 0.17692495 0.48083566 0.69258460
2320.00000000 0.17725309 0.48094500 0.69251523
2320.70000000 0.17758124 0.48072730 0.69254731
2321.40000000 0.17790939 0.48050960 0.69283496
2322.10000000 0.17823754 0.48029190 0.69372589
2322.80000000 0.17856568 0.48007420 0.69458999
2323.50000000 0.17878091 0.47985650 0.69400203
2324.20000000 0.17896976 0.47963880 0.69337637
2324.90000000 0.17915861 0.47942110 0.69311537
2325.60000000 0.17934746 0.47967872 0.68958866
2326.30000000 0.17953630 0.48001556 0.68945363
2327.00000000 0.17972515 0.48035240 0.68915205
2327.70000000 0.17991400 0.48068924 0.68887661
2328.40000000 0.18010285 0.48102608 0.68877373
2329.10000000 0.18029170 0.48136292 0.68853320
2329.80000000 0.18048055 0.48169976 0.68759658
2330.50000000 0.18063401 0.48172030 0.68746321
2331.20000000 0.18067727 0.48161432 0.68738530
2331.90000000 0.18072053 0.48150834 0.68808806
2332.60000000 0.18076379 0.48140236 0.68916476
2333.30000000 0.18080705 0.48129638 0.68953755
2334.00000000 0.18085031 0.48119040 0.68979817
2334.70000000 0.18089356 0.48108442 0.68879668
2335.40000000 0.18093682 0.48136604 0.68491668
2336.10000000 0.18098008 0.48193836 0.68476378
2336.80000000 0.18102334 0.48251068 0.68475053
2337.50000000 0.18106660 0.48308300 0.68448924
2338.20000000 0.18111178 0.48365532 0.68418392
2338.90000000 0.18115787 0.48422764 0.68286983
2339.60000000 0.18120397 0.48479996 0.68292527
2340.30000000 0.18125006 0.48502206 0.68293331
2341.00000000 0.18129616 0.48477720 0.68279441
2341.70000000 0.18134225 0.48453234 0.68303938
2342.40000000 0.18138835 0.48428748 0.68354555
2343.10000000 0.18143444 0.48404262 0.68504332
2343.80000000 0.18148054 0.48379776 0.68570629
2344.50000000 0.18152663 0.48355290 0.68553644
2345.20000000 0.18155701 0.48327052 0.68116098
2345.90000000 0.18146270 0.48289434 0.68077939
2346.60000000 0.18136839 0.48251816 0.68036951
2347.30000000 0.18127407 0.48214198 0.68014790
2348.00000000 0.18117976 0.48176580 0.67927396
2348.70000000 0.18108544 0.48138962 0.67809032
2349.40000000 0.18099113 0.48101344 0.67819555
2350.10000000 0.18089682 0.48076588 0.67891523
2350.80000000 0.18080250 0.48129004 0.67999745
2351.50000000 0.18070819 0.48181420 0.67976998
2352.20000000 0.18061388 0.48233836 0.67951633
2352.90000000 0.18042930 0.48286252 0.67982526
2353.60000000 0.18016998 0.48338668 0.68098961
2354.30000000 0.17991065 0.48391084 0.68144394
2355.00000000 0.17965132 0.48443500 0.68067807
2355.70000000 0.17939200 0.48432188 0.67898037
2356.40000000 0.17913267 0.48420876 0.67875383
2357.10000000 0.17887335 0.48409564 0.67809906
2357.80000000 0.17861402 0.48398252 0.67721028
2358.50000000 0.17835469 0.48386940 0.67641586
2359.20000000 0.17809537 0.48375628 0.67563342
2359.90000000 0.17783604 0.48364316 0.67508269
2360.60000000 0.17754009 0.48309060 0.67501814
2361.30000000 0.17724346 0.48246480 0.67505583
2362.00000000 0.17694684 0.48183900 0.67560109
2362.70000000 0.17665022 0.48121320 0.67641616
2363.40000000 0.17635359 0.48058740 0.67660329
2364.10000000 0.17605697 0.47996160 0.67693633
2364.80000000 0.17576034 0.47933580 0.67837696
2365.50000000 0.17546372 0.47897370 0.67509873
2366.20000000 0.17516709 0.47871708 0.67533496
2366.90000000 0.17487047 0.47846046 0.67538980
2367.60000000 0.17459293 0.47820384 0.67575194
2368.30000000 0.17434192 0.47794722 0.67592744
2369.00000000 0.17409092 0.47769060 0.67649188
2369.70000000 0.17383992 0.47743398 0.67665727
2370.40000000 0.17358891 0.47769400 0.67614699
2371.10000000 0.17333791 0.47834150 0.67450362
2371.80000000 0.17308691 0.47898900 0.67349166
2372.50000000 0.17283590 0.47963650 0.67358346
2373.20000000 0.17258490 0.48028400 0.67370144
2373.90000000 0.17233389 0.48093150 0.67346577
2374.60000000 0.17208289 0.48157900 0.67411335
2375.30000000 0.17194764 0.48174044 0.67069497
2376.00000000 0.17183186 0.48125380 0.67170796
2376.70000000 0.17171608 0.48076716 0.67289386
2377.40000000 0.17160030 0.48028052 0.67316775
2378.10000000 0.17148451 0.47979388 0.67362683
2378.80000000 0.17136873 0.47930724 0.67296350
2379.50000000 0.17125295 0.47882060 0.67281809
2380.20000000 0.17113717 0.47866248 0.67264834
